496,1441,-592,508,1469,-551,519,1470,-551,529,1471,-551,479,1462,-539,470,1460,-539,462,1458,-539,546,1453,-355,454,1440,-289,518,1416,-519,483,1411,-500,628,1337,-386,418,1316,-267,655,1549,-648,355,1526,-449,657,1766,-793,325,1747,-559,656,1814,-883,318,1797,-643,647,1821,-886,335,1804,-642,644,1808,-810,343,1792,-580,592,910,-45,443,914,45,623,571,17,444,566,128,673,311,303,430,292,421,662,289,311,452,258,431,691,187,-16,398,177,150,
496,1440,-702,508,1468,-664,519,1470,-664,529,1471,-664,479,1462,-649,470,1460,-649,462,1457,-649,546,1453,-455,454,1440,-374,518,1415,-620,483,1411,-597,629,1337,-478,418,1317,-307,657,1549,-761,353,1527,-477,658,1763,-922,325,1747,-605,657,1814,-1022,318,1797,-690,649,1820,-1021,334,1804,-694,646,1807,-938,343,1792,-627,592,910,-60,443,913,60,626,572,-5,444,569,165,674,308,310,433,289,480,665,280,321,452,254,492,690,184,-16,396,172,200,
495,1439,-734,508,1466,-695,518,1468,-695,528,1469,-696,479,1461,-681,470,1459,-681,462,1456,-681,546,1453,-478,454,1440,-402,517,1415,-648,483,1411,-627,629,1337,-491,418,1317,-329,659,1547,-772,351,1527,-504,658,1758,-934,324,1747,-638,657,1812,-1037,314,1797,-727,649,1818,-1035,332,1804,-729,646,1803,-950,341,1789,-660,591,912,-64,442,914,64,627,572,-11,443,572,168,675,306,325,435,287,496,666,276,340,452,251,509,689,182,-13,394,169,208,
494,1438,-707,507,1466,-667,517,1467,-667,527,1468,-667,479,1460,-653,470,1459,-653,461,1456,-653,545,1452,-452,454,1441,-378,515,1415,-623,482,1411,-602,628,1336,-472,416,1318,-319,659,1547,-753,343,1527,-496,658,1755,-912,320,1747,-623,656,1811,-1016,310,1797,-714,648,1817,-1015,330,1803,-714,645,1800,-929,340,1788,-645,589,912,-65,440,913,65,627,573,-8,443,573,171,675,305,337,436,284,491,667,274,352,452,248,504,688,181,0,394,167,205,
489,1438,-700,503,1465,-655,515,1467,-655,525,1467,-655,475,1460,-642,465,1458,-642,457,1456,-642,543,1452,-417,450,1441,-346,511,1414,-603,477,1410,-584,623,1335,-437,409,1318,-258,659,1547,-720,324,1522,-419,658,1756,-898,307,1741,-564,656,1812,-1013,303,1791,-660,648,1818,-1008,323,1796,-656,645,1801,-919,331,1780,-586,584,912,-67,437,913,67,627,573,-10,442,573,169,676,305,336,437,281,482,669,273,348,452,246,494,686,179,0,394,165,199,
484,1437,-734,501,1465,-688,513,1466,-688,523,1467,-688,472,1460,-675,462,1458,-675,454,1456,-675,543,1451,-455,448,1441,-389,506,1414,-645,470,1410,-626,618,1330,-478,401,1317,-291,660,1542,-759,304,1509,-460,658,1756,-916,291,1735,-609,655,1812,-1019,291,1785,-703,646,1818,-1017,311,1789,-691,644,1801,-934,316,1773,-627,579,911,-68,432,911,67,624,573,-17,440,573,172,676,304,322,437,280,477,669,271,335,452,245,488,685,179,-13,394,164,196,
479,1438,-720,498,1465,-657,510,1466,-657,521,1467,-657,467,1460,-650,458,1459,-650,450,1457,-650,541,1451,-399,444,1441,-350,502,1414,-617,464,1411,-608,613,1326,-431,394,1316,-249,664,1538,-691,285,1493,-404,656,1755,-826,273,1722,-542,651,1812,-927,273,1772,-644,643,1817,-930,292,1776,-628,641,1799,-845,297,1759,-561,571,909,-67,422,909,67,620,568,1,438,569,179,676,303,351,437,277,516,669,271,365,451,245,531,684,178,14,396,164,236,
477,1437,-508,496,1465,-456,509,1466,-456,520,1466,-456,464,1460,-445,454,1459,-445,446,1457,-444,540,1451,-228,439,1441,-166,500,1413,-425,461,1410,-408,609,1325,-270,390,1314,-78,669,1530,-515,266,1478,-222,655,1750,-624,258,1712,-350,648,1804,-716,257,1761,-448,639,1806,-713,276,1765,-426,637,1787,-639,280,1748,-367,559,909,-68,412,908,67,613,563,-18,434,568,163,675,304,285,437,277,438,670,273,295,451,244,448,684,178,-36,395,164,173,
474,1436,-317,491,1463,-262,503,1464,-262,515,1464,-262,460,1458,-245,450,1457,-245,442,1455,-245,532,1448,-41,434,1440,46,494,1412,-240,456,1409,-216,602,1321,-94,384,1308,141,679,1522,-305,246,1450,36,651,1733,-343,243,1682,-75,644,1785,-420,239,1726,-174,633,1786,-412,256,1730,-132,631,1765,-354,262,1715,-85,543,907,-75,397,907,75,597,560,-69,429,567,136,673,304,213,437,278,399,669,273,222,451,245,409,682,178,-115,395,164,134,
464,1435,-254,483,1462,-200,496,1463,-200,508,1462,-201,452,1458,-179,444,1457,-180,435,1455,-179,526,1445,12,428,1440,118,484,1411,-180,447,1409,-150,594,1314,-21,372,1305,236,689,1503,-213,216,1431,180,651,1706,-234,220,1655,97,642,1758,-298,221,1697,5,630,1759,-277,242,1702,63,629,1736,-239,247,1690,94,527,907,-79,385,906,78,576,557,-138,422,562,95,671,306,188,436,284,396,669,279,205,451,254,411,678,177,-129,398,166,136,
459,1433,-219,477,1462,-162,490,1462,-162,502,1461,-162,447,1458,-142,438,1457,-142,430,1455,-142,519,1444,57,423,1439,159,479,1408,-144,442,1406,-115,587,1308,25,364,1303,284,696,1482,-170,201,1413,222,650,1681,-210,206,1630,110,641,1731,-280,204,1672,13,627,1731,-253,226,1676,68,626,1709,-213,233,1664,106,517,906,-80,377,906,79,555,557,-163,414,559,68,661,309,207,430,297,407,663,288,227,450,270,420,671,177,-105,398,172,143,
458,1436,-231,476,1462,-175,488,1462,-175,499,1462,-176,443,1460,-158,435,1458,-159,427,1456,-158,513,1444,45,419,1440,131,478,1409,-155,440,1408,-131,580,1304,33,351,1301,266,709,1453,-141,183,1376,202,650,1649,-179,183,1577,88,640,1699,-241,185,1627,-1,626,1699,-209,204,1630,59,625,1679,-179,209,1612,88,513,906,-80,373,906,80,524,557,-184,402,555,43,646,323,210,423,297,383,658,311,260,446,268,403,659,188,-17,395,173,138,
446,1440,-131,465,1463,-73,478,1462,-73,490,1462,-73,435,1461,-53,428,1460,-53,420,1459,-53,506,1443,138,413,1442,234,469,1410,-60,433,1412,-34,569,1297,112,337,1299,373,717,1407,-86,151,1349,350,655,1587,-169,163,1546,304,641,1640,-216,159,1599,243,629,1642,-178,180,1598,316,629,1622,-166,186,1578,313,507,911,-87,366,907,87,489,574,-260,399,558,12,628,365,216,421,293,279,647,361,285,442,268,293,643,227,77,392,173,27,
439,1440,-173,459,1463,-116,471,1462,-116,483,1462,-116,428,1462,-101,421,1461,-101,413,1460,-101,501,1442,98,408,1442,176,463,1410,-99,426,1412,-78,565,1292,104,331,1296,327,723,1360,-139,136,1319,324,656,1552,-285,154,1506,308,642,1604,-329,147,1558,259,629,1606,-281,168,1557,338,630,1586,-278,176,1537,324,504,922,-94,366,914,93,446,623,-277,398,587,-16,593,434,168,418,292,157,616,435,215,438,266,161,614,275,32,391,171,-93,
429,1443,-212,451,1465,-153,464,1464,-152,476,1463,-153,420,1464,-141,414,1463,-141,405,1462,-141,496,1442,85,402,1443,144,455,1411,-131,418,1413,-115,559,1289,119,328,1291,313,727,1314,-60,126,1268,292,667,1505,-180,140,1468,239,653,1557,-209,133,1512,192,639,1558,-159,156,1513,268,640,1538,-167,161,1498,256,503,931,-109,367,919,109,414,689,-602,395,596,-57,565,483,-215,419,292,151,595,481,-177,440,266,158,569,325,-367,387,172,-96,
422,1444,-359,443,1466,-300,456,1465,-300,468,1464,-300,412,1465,-279,405,1464,-279,397,1464,-279,491,1444,4,395,1445,109,449,1411,-256,411,1414,-230,562,1288,47,324,1289,280,729,1261,-125,129,1226,210,675,1463,-256,125,1427,-182,660,1514,-300,122,1473,-251,648,1519,-253,143,1475,-183,647,1500,-245,148,1461,-170,503,935,-133,368,920,133,387,780,-891,397,594,-46,528,517,-535,419,290,200,570,496,-501,442,259,210,500,375,-717,386,172,-67,
415,1445,-354,436,1467,-300,449,1466,-300,461,1465,-300,407,1467,-281,400,1466,-281,391,1466,-281,485,1445,-15,390,1446,74,443,1412,-258,405,1414,-234,561,1287,30,321,1284,267,725,1206,-302,141,1179,-16,683,1421,-657,121,1378,-436,671,1471,-721,116,1426,-510,657,1476,-654,135,1430,-459,655,1460,-641,142,1411,-432,505,933,-129,370,917,128,364,830,-794,403,593,-68,489,549,-545,419,289,144,533,515,-522,442,256,152,450,436,-733,383,174,-115,
413,1446,-348,433,1468,-299,446,1467,-299,459,1466,-299,404,1468,-283,397,1467,-283,389,1466,-283,482,1447,-42,387,1448,18,440,1413,-257,402,1416,-236,560,1286,23,314,1283,186,716,1164,-290,151,1139,-15,685,1379,-574,118,1327,-394,678,1430,-627,110,1372,-459,664,1435,-580,128,1377,-427,659,1419,-563,136,1362,-394,506,932,-103,371,916,104,335,896,-697,409,589,-91,456,588,-418,420,284,77,503,560,-391,441,251,84,412,465,-549,377,176,-159,
413,1449,-411,434,1469,-367,447,1468,-366,459,1466,-367,403,1469,-353,395,1468,-353,387,1467,-353,481,1448,-126,383,1448,-66,440,1415,-322,401,1418,-304,559,1284,-50,310,1276,127,692,1131,-321,165,1112,-76,685,1327,-651,116,1295,-552,681,1370,-708,105,1339,-619,669,1384,-661,123,1349,-600,663,1368,-639,131,1337,-558,507,931,-120,372,917,120,316,947,-879,409,588,1,416,607,-584,420,277,137,448,572,-553,439,248,139,336,498,-704,369,177,-16,
412,1454,-427,434,1474,-379,446,1473,-379,458,1472,-379,402,1474,-369,393,1473,-369,386,1472,-369,478,1452,-140,381,1450,-94,436,1424,-341,397,1425,-328,558,1282,-90,310,1267,105,664,1106,-363,201,1087,-82,686,1289,-755,123,1255,-575,685,1331,-816,106,1297,-639,676,1341,-782,123,1315,-629,669,1330,-748,134,1303,-584,508,933,-126,376,920,126,307,990,-818,407,606,23,394,651,-475,420,278,142,427,607,-440,439,248,141,278,546,-572,368,177,19,
412,1455,-420,435,1475,-370,447,1474,-370,459,1473,-371,401,1475,-364,392,1474,-364,384,1472,-364,477,1454,-126,379,1450,-100,437,1425,-333,395,1425,-325,558,1279,-85,311,1262,79,637,1081,-366,250,1070,-79,686,1240,-803,128,1206,-526,691,1284,-872,102,1242,-588,685,1296,-851,115,1261,-604,678,1285,-803,128,1254,-547,507,933,-123,380,920,123,306,1005,-798,406,609,17,372,687,-409,422,281,182,410,636,-370,439,250,188,248,569,-506,368,178,14,
412,1455,-409,435,1475,-357,447,1475,-357,458,1473,-358,401,1475,-345,391,1474,-345,383,1472,-345,475,1455,-121,379,1451,-73,437,1427,-328,394,1426,-306,559,1272,-73,313,1259,92,616,1065,-341,275,1059,-56,685,1200,-807,130,1180,-504,690,1247,-886,107,1212,-572,687,1263,-876,117,1231,-601,680,1252,-813,129,1224,-531,506,931,-114,384,916,114,301,1011,-778,405,606,-6,359,690,-441,423,281,183,399,635,-407,440,250,192,231,578,-533,367,180,-12,
412,1455,-377,434,1475,-329,446,1475,-329,457,1473,-330,400,1475,-328,390,1473,-327,382,1472,-327,473,1455,-79,377,1451,-60,436,1427,-287,393,1426,-283,559,1268,-30,314,1259,105,606,1059,-295,284,1055,-39,680,1191,-740,136,1166,-457,688,1234,-819,112,1199,-527,685,1250,-810,122,1218,-558,677,1240,-746,133,1213,-485,504,931,-108,385,914,108,296,1008,-744,403,599,-8,351,680,-420,423,282,188,392,626,-387,440,250,197,223,575,-513,366,180,-12,
411,1455,-379,434,1475,-330,445,1474,-330,456,1473,-330,400,1474,-326,390,1473,-326,382,1472,-326,472,1455,-78,377,1451,-54,435,1427,-287,393,1426,-282,559,1267,-30,314,1260,112,608,1063,-300,282,1058,-26,679,1202,-780,139,1173,-478,687,1246,-862,114,1209,-550,684,1262,-857,123,1229,-583,678,1252,-789,134,1222,-508,504,929,-110,385,913,110,294,986,-779,401,598,-7,365,654,-434,424,283,191,402,611,-400,441,252,201,239,551,-529,365,180,-14,
411,1455,-383,433,1475,-337,445,1474,-337,456,1473,-337,399,1474,-330,390,1473,-330,382,1472,-330,472,1455,-99,377,1451,-62,435,1427,-296,393,1425,-287,559,1268,-54,314,1259,115,616,1070,-318,266,1064,-36,679,1236,-735,139,1198,-515,687,1279,-802,115,1239,-583,683,1292,-786,125,1260,-596,677,1282,-737,136,1249,-536,503,927,-119,381,913,119,294,964,-781,401,597,10,384,636,-445,424,283,202,419,594,-410,441,252,210,275,527,-535,363,180,13,
411,1454,-389,433,1474,-348,445,1474,-348,456,1473,-349,399,1473,-339,390,1472,-339,382,1471,-339,473,1455,-126,377,1451,-81,436,1427,-306,393,1425,-294,556,1271,-73,311,1260,105,621,1094,-317,231,1082,-45,682,1265,-694,131,1227,-499,686,1309,-740,109,1268,-566,682,1322,-720,124,1286,-567,676,1310,-691,135,1276,-513,506,927,-127,382,912,127,294,951,-671,405,593,29,387,615,-405,424,280,163,431,593,-376,442,250,163,293,490,-426,362,180,-7,
408,1454,-382,430,1474,-345,441,1473,-345,453,1472,-345,397,1473,-335,388,1472,-335,381,1471,-335,472,1455,-124,376,1451,-68,434,1426,-304,393,1425,-281,550,1279,-68,310,1265,120,637,1102,-260,195,1084,-39,681,1307,-476,125,1268,-472,685,1354,-512,110,1319,-540,679,1366,-487,125,1329,-553,674,1352,-471,136,1308,-492,508,928,-125,382,912,125,300,867,-675,413,587,15,430,590,-402,425,280,110,483,572,-373,445,250,110,387,453,-410,365,183,-69,
408,1452,-410,429,1473,-372,440,1472,-372,452,1471,-373,397,1472,-350,388,1471,-350,381,1470,-350,471,1454,-153,377,1451,-66,434,1425,-330,393,1425,-298,547,1283,-110,313,1267,172,660,1157,-395,168,1141,-34,676,1383,-656,122,1324,-465,674,1427,-713,110,1379,-530,665,1433,-641,126,1382,-539,661,1421,-638,135,1361,-478,508,933,-168,386,918,168,314,783,-703,410,588,43,493,553,-358,425,284,136,546,546,-318,451,252,117,465,416,-391,367,183,-62,
408,1452,-341,429,1472,-295,441,1472,-294,452,1471,-294,398,1471,-276,389,1470,-276,381,1470,-276,470,1454,-86,377,1451,0,434,1425,-268,393,1425,-243,543,1287,-77,313,1273,218,679,1218,-271,132,1203,215,670,1433,-406,116,1400,168,666,1485,-439,110,1447,144,655,1490,-386,126,1450,201,651,1472,-393,135,1433,182,507,942,-162,385,931,162,360,716,-565,402,619,-24,552,510,-215,424,291,77,591,505,-179,451,256,73,548,369,-290,369,184,-145,
412,1452,-232,431,1472,-172,442,1472,-172,454,1471,-172,400,1471,-162,391,1470,-162,382,1470,-162,470,1454,61,377,1451,113,437,1425,-152,395,1425,-138,542,1292,56,313,1282,305,687,1288,-117,123,1268,312,663,1500,-236,118,1462,267,659,1551,-272,110,1512,229,649,1550,-237,128,1513,293,645,1533,-232,136,1495,280,506,943,-158,380,931,158,402,661,-418,399,623,-19,583,480,12,422,296,111,618,472,53,445,258,112,585,322,-97,375,185,-99,
412,1452,-169,431,1472,-112,443,1472,-112,454,1471,-112,400,1471,-95,391,1470,-95,382,1470,-95,470,1454,107,377,1452,188,437,1425,-96,396,1425,-74,540,1296,85,314,1290,364,685,1358,-140,127,1319,429,657,1551,-291,120,1516,493,654,1608,-333,112,1560,466,644,1610,-304,130,1562,540,641,1586,-292,136,1546,510,504,941,-141,375,930,140,438,618,-331,398,622,-5,620,435,114,422,296,201,655,434,155,444,258,207,624,285,-14,380,185,-30,
411,1449,-177,431,1471,-127,442,1471,-127,454,1470,-128,399,1470,-105,390,1470,-105,382,1469,-105,470,1454,72,376,1452,182,436,1421,-108,395,1421,-78,540,1302,41,314,1295,338,680,1423,-172,132,1373,307,649,1623,-301,120,1568,192,648,1676,-368,121,1616,120,638,1676,-353,141,1616,166,635,1660,-310,144,1599,189,503,933,-140,374,927,139,474,588,-312,398,598,6,658,394,132,422,295,279,690,395,167,442,258,291,656,253,-66,384,184,25,
411,1449,-227,430,1472,-175,442,1472,-175,453,1471,-176,399,1471,-159,390,1470,-159,381,1470,-159,469,1455,42,376,1452,126,435,1421,-152,395,1421,-129,540,1311,23,322,1304,320,664,1470,-164,142,1415,177,641,1677,-265,139,1606,26,643,1728,-343,144,1659,49,634,1735,-342,165,1662,144,629,1717,-281,170,1645,31,503,933,-115,373,927,114,516,581,-223,398,586,7,679,369,202,420,292,327,708,360,228,438,258,343,676,221,-88,388,183,42,
411,1450,-397,430,1473,-341,442,1473,-341,454,1472,-342,399,1472,-333,390,1471,-333,382,1470,-333,470,1455,-99,376,1453,-47,435,1421,-311,396,1421,-298,541,1317,-108,327,1309,64,646,1509,-288,162,1455,-85,639,1717,-347,159,1658,-248,642,1768,-491,163,1702,-355,633,1775,-518,182,1706,-316,628,1753,-409,186,1695,-261,508,934,-90,374,927,89,551,581,-111,398,578,59,688,355,321,419,292,440,706,344,344,438,259,459,692,207,-17,389,183,138,
412,1450,-514,430,1474,-462,442,1474,-462,454,1473,-462,399,1472,-457,390,1471,-457,382,1470,-457,470,1455,-223,377,1453,-192,437,1421,-427,399,1421,-419,541,1324,-228,331,1310,-106,628,1533,-429,195,1466,-280,634,1748,-552,178,1679,-447,637,1804,-656,178,1728,-555,628,1810,-669,196,1734,-527,623,1788,-581,201,1722,-460,520,935,-63,379,928,62,583,579,-40,400,573,80,695,340,303,417,292,411,701,319,317,435,261,425,699,197,-46,390,183,111,
417,1451,-668,433,1475,-621,445,1474,-620,456,1473,-621,402,1473,-614,392,1471,-614,383,1470,-614,473,1455,-383,378,1452,-346,442,1422,-580,404,1421,-570,544,1329,-393,338,1312,-251,616,1549,-639,233,1493,-468,632,1776,-796,201,1701,-661,634,1829,-895,198,1751,-766,625,1835,-901,214,1757,-743,621,1816,-817,220,1746,-676,529,935,-59,385,928,59,601,590,5,401,570,147,692,337,361,416,299,519,693,319,375,435,265,537,694,198,5,391,183,230,
417,1451,-616,433,1475,-573,445,1475,-573,456,1474,-573,402,1473,-562,393,1471,-562,384,1470,-561,473,1456,-361,381,1452,-300,442,1422,-536,406,1421,-519,548,1337,-393,347,1316,-229,597,1558,-646,269,1511,-405,627,1779,-804,223,1715,-552,629,1833,-901,212,1770,-645,623,1841,-911,227,1777,-639,619,1824,-826,234,1765,-573,537,936,-59,388,928,59,613,595,-19,404,570,141,692,333,300,415,303,472,684,316,312,434,266,487,702,199,-40,390,183,193,
420,1450,-571,435,1475,-532,446,1475,-532,457,1474,-532,405,1472,-518,395,1471,-518,387,1469,-518,475,1457,-330,384,1452,-256,444,1422,-494,410,1421,-473,554,1345,-371,353,1317,-181,581,1568,-644,293,1516,-346,623,1795,-805,242,1714,-504,626,1841,-903,226,1769,-596,621,1848,-911,238,1777,-600,618,1835,-826,247,1760,-529,547,936,-65,394,927,64,623,594,-69,408,569,133,697,335,255,415,304,486,689,314,267,434,269,503,699,195,-78,390,184,222,
426,1450,-411,438,1475,-369,449,1475,-369,459,1475,-369,411,1472,-356,402,1471,-356,394,1469,-356,478,1457,-176,390,1452,-103,448,1422,-338,416,1421,-318,557,1343,-366,358,1316,-166,576,1564,-530,304,1518,-242,610,1778,-764,259,1711,-471,615,1828,-802,243,1764,-544,614,1833,-792,254,1772,-494,611,1819,-753,263,1753,-473,554,934,-69,401,924,69,624,592,-79,413,569,125,702,328,210,416,304,444,698,305,221,434,271,457,701,191,-105,390,184,181,
428,1449,-416,440,1475,-372,450,1475,-373,460,1475,-373,413,1472,-359,404,1471,-359,397,1469,-359,480,1459,-176,393,1452,-100,450,1423,-342,420,1421,-321,561,1343,-281,362,1315,-85,574,1564,-520,310,1515,-227,601,1780,-694,264,1709,-404,604,1833,-777,249,1762,-489,603,1838,-779,261,1770,-468,600,1825,-705,269,1751,-416,565,933,-66,413,923,66,629,593,-72,416,569,113,698,339,288,417,303,428,688,320,304,434,271,441,710,198,-34,390,183,160,
431,1448,-540,442,1475,-497,452,1475,-497,463,1475,-497,416,1471,-487,407,1470,-487,400,1468,-486,482,1459,-290,395,1452,-231,454,1423,-462,422,1421,-445,564,1343,-354,365,1315,-175,574,1564,-623,309,1510,-341,592,1785,-773,267,1709,-467,595,1839,-871,254,1762,-557,592,1845,-873,267,1770,-554,590,1831,-790,275,1751,-489,573,930,-62,422,920,61,631,589,-43,422,569,127,700,342,339,422,303,494,687,322,358,436,272,513,711,201,19,393,183,229,
435,1447,-525,445,1474,-476,455,1475,-476,465,1475,-476,419,1470,-462,411,1468,-462,404,1466,-462,484,1459,-255,397,1450,-192,457,1422,-440,426,1420,-420,566,1345,-304,367,1314,-128,572,1565,-568,311,1511,-302,586,1776,-721,267,1708,-439,589,1832,-816,254,1763,-525,587,1838,-816,267,1770,-523,584,1822,-738,276,1751,-460,572,930,-63,422,920,63,628,592,-36,422,570,123,701,342,272,426,303,414,690,317,300,438,272,420,711,201,4,393,182,150,
436,1447,-508,446,1474,-466,455,1475,-466,465,1475,-466,420,1469,-451,412,1467,-451,405,1466,-451,485,1459,-271,399,1450,-192,457,1422,-432,427,1420,-410,568,1347,-329,371,1314,-143,570,1566,-609,313,1513,-313,584,1775,-765,265,1707,-453,586,1831,-860,251,1762,-537,585,1836,-861,265,1768,-543,583,1819,-781,274,1748,-477,569,928,-64,420,918,63,628,593,-34,423,571,123,704,335,248,426,298,389,690,308,272,439,266,394,713,201,-11,393,179,123,
437,1446,-555,447,1474,-518,456,1475,-518,466,1475,-518,422,1469,-502,414,1467,-502,407,1465,-501,486,1459,-323,402,1449,-240,458,1422,-480,428,1419,-456,569,1347,-381,373,1315,-183,570,1564,-666,310,1516,-351,583,1771,-824,263,1709,-488,586,1827,-924,247,1763,-577,584,1833,-927,261,1771,-586,582,1816,-842,270,1751,-514,567,923,-63,419,916,63,625,589,8,422,571,148,707,334,331,427,294,456,695,308,346,439,263,468,713,201,17,393,177,183,
437,1445,-621,448,1473,-585,457,1474,-585,467,1475,-585,422,1467,-569,414,1466,-569,406,1464,-569,487,1459,-390,402,1448,-305,458,1421,-545,428,1418,-521,570,1346,-436,372,1315,-242,573,1562,-722,305,1507,-409,586,1776,-874,258,1707,-539,588,1831,-971,243,1761,-625,586,1837,-974,257,1768,-633,584,1822,-892,266,1749,-564,564,919,-62,418,914,62,619,581,21,422,571,162,705,330,358,427,292,477,694,307,374,439,262,491,712,201,39,392,176,202,
436,1444,-592,447,1473,-554,457,1474,-554,467,1475,-554,421,1467,-537,413,1465,-537,405,1463,-537,487,1459,-357,402,1448,-267,458,1421,-517,427,1417,-491,570,1346,-396,371,1315,-208,577,1561,-674,299,1502,-367,588,1779,-824,251,1708,-500,589,1833,-920,241,1759,-591,586,1840,-923,257,1766,-590,585,1826,-842,264,1749,-523,559,916,-57,414,913,56,614,578,-4,422,572,156,705,328,339,427,292,505,697,307,355,439,262,523,713,197,16,395,176,231,
436,1444,-671,447,1473,-630,457,1474,-630,467,1475,-630,421,1467,-617,413,1465,-617,405,1463,-617,487,1458,-417,402,1448,-346,458,1421,-589,427,1416,-569,569,1343,-444,368,1315,-251,595,1557,-701,268,1500,-396,588,1778,-841,226,1704,-534,591,1832,-936,226,1754,-625,588,1837,-939,243,1761,-618,586,1823,-860,247,1744,-554,547,917,-60,407,912,60,603,572,-11,422,571,171,703,328,357,428,290,519,695,310,375,441,260,537,709,196,34,395,175,248,
432,1444,-450,446,1473,-401,456,1474,-401,467,1474,-401,418,1467,-385,409,1465,-385,400,1463,-384,487,1457,-184,396,1448,-98,455,1420,-371,420,1415,-347,565,1339,-234,361,1313,-11,614,1556,-463,237,1484,-148,596,1771,-563,212,1699,-276,593,1830,-650,211,1737,-378,589,1832,-655,228,1747,-344,589,1813,-583,231,1733,-291,535,915,-70,398,911,70,569,565,-89,418,567,160,701,333,332,428,290,503,701,324,353,441,261,522,708,198,22,394,175,239,
431,1444,-354,446,1473,-305,456,1474,-305,467,1474,-305,417,1468,-283,407,1466,-283,398,1464,-283,487,1457,-104,394,1448,8,455,1420,-283,417,1415,-252,564,1332,-160,356,1307,130,634,1535,-344,207,1437,45,611,1739,-383,200,1661,-56,603,1792,-452,200,1702,-147,598,1796,-455,214,1708,-92,599,1776,-400,218,1697,-63,523,909,-99,388,907,99,535,565,-178,410,566,144,691,348,295,428,295,455,701,347,336,440,267,473,700,207,28,392,174,234,
422,1443,-284,440,1472,-241,451,1473,-241,462,1473,-241,411,1467,-213,403,1465,-213,395,1463,-213,484,1456,-52,394,1448,83,446,1419,-219,410,1414,-181,559,1323,-78,356,1302,234,647,1503,-254,189,1410,210,618,1696,-305,189,1617,104,611,1746,-365,185,1662,24,603,1750,-359,202,1661,80,603,1729,-316,208,1646,102,517,910,-108,386,908,107,479,570,-195,410,577,111,659,382,223,426,297,324,689,378,259,435,268,332,667,240,20,387,175,93,
421,1444,-195,439,1472,-143,450,1473,-143,462,1473,-143,408,1467,-120,399,1465,-120,392,1463,-120,483,1455,71,391,1448,186,446,1419,-121,408,1415,-89,558,1315,68,349,1298,364,666,1438,-105,173,1375,405,629,1621,-202,172,1567,345,621,1669,-247,175,1614,287,611,1672,-235,194,1615,346,610,1655,-207,198,1599,351,506,923,-123,377,917,123,433,603,-294,410,599,35,607,439,104,424,299,196,639,440,140,434,268,197,629,291,-49,383,175,-56,
421,1444,-59,439,1472,-2,451,1473,-2,463,1472,-2,409,1467,15,399,1466,14,392,1463,14,483,1454,205,390,1448,287,447,1419,7,408,1416,30,556,1308,165,342,1295,452,676,1380,-40,151,1324,544,639,1565,-148,160,1514,607,629,1615,-174,162,1562,583,617,1615,-153,185,1566,651,616,1599,-146,190,1547,625,504,939,-134,378,931,133,404,652,-320,407,622,-19,576,476,-149,419,305,20,610,472,-136,434,268,5,585,322,-315,371,177,-235,
421,1445,-215,439,1472,-159,451,1472,-159,463,1471,-159,409,1468,-144,399,1466,-144,392,1464,-144,482,1452,74,389,1448,145,447,1419,-136,408,1416,-116,556,1303,86,336,1291,345,686,1307,-12,135,1277,386,655,1503,-44,153,1480,393,642,1554,-58,157,1524,374,630,1557,-20,180,1525,439,628,1540,-33,184,1509,411,507,943,-161,378,933,161,363,726,-544,402,615,-2,533,512,-273,425,304,91,574,504,-245,453,268,85,514,370,-383,365,177,-148,
421,1447,-304,439,1472,-250,451,1472,-250,463,1472,-250,408,1468,-226,399,1466,-226,391,1465,-226,482,1452,48,389,1448,116,447,1420,-210,408,1417,-181,556,1301,1,331,1287,280,683,1225,-163,139,1227,236,662,1433,-241,152,1422,71,655,1489,-296,154,1471,52,642,1495,-276,176,1469,155,638,1478,-251,179,1450,99,508,945,-165,379,933,165,342,777,-685,403,611,-2,484,540,-341,425,296,94,534,514,-306,454,260,90,450,411,-432,363,177,-146,
418,1447,-203,438,1472,-156,450,1472,-156,463,1471,-156,406,1468,-142,397,1466,-142,389,1465,-142,482,1451,79,387,1446,137,446,1419,-119,405,1417,-103,557,1297,112,326,1281,300,676,1169,-133,151,1164,220,665,1360,-263,146,1355,-184,662,1412,-351,146,1402,-247,652,1429,-334,166,1412,-188,645,1407,-297,170,1390,-175,511,945,-156,379,932,157,322,839,-582,404,600,-40,453,565,-432,425,293,-22,501,538,-414,456,260,-30,417,434,-525,364,174,-235,
416,1447,-235,438,1472,-191,450,1472,-191,463,1470,-191,405,1468,-175,395,1466,-175,388,1465,-175,483,1450,32,387,1446,103,443,1419,-154,402,1417,-135,559,1289,75,322,1277,264,644,1109,-174,163,1123,104,670,1311,-470,147,1303,-353,671,1357,-516,147,1353,-420,667,1367,-492,166,1365,-382,662,1354,-469,172,1349,-351,510,944,-148,379,928,149,303,880,-650,404,594,-21,442,583,-467,427,286,19,490,555,-445,459,257,14,393,448,-541,365,172,-182,
414,1445,-266,437,1471,-231,450,1471,-231,463,1470,-231,405,1467,-220,395,1465,-219,388,1463,-220,483,1449,-16,387,1442,33,441,1417,-186,401,1414,-175,566,1278,42,324,1271,205,605,1069,-263,206,1095,38,666,1239,-675,147,1244,-432,675,1284,-732,133,1292,-498,674,1297,-728,147,1311,-494,666,1283,-682,156,1296,-445,511,937,-144,379,923,145,291,900,-647,402,594,-28,433,599,-364,427,283,19,483,565,-332,458,258,14,385,463,-411,366,172,-174,
415,1444,-286,438,1469,-254,452,1469,-254,465,1468,-254,405,1466,-241,395,1464,-241,388,1462,-241,486,1448,-48,387,1440,12,442,1415,-210,401,1413,-195,574,1270,-3,325,1263,192,591,1052,-285,234,1077,64,663,1215,-692,146,1222,-358,677,1255,-752,125,1270,-418,676,1268,-750,139,1289,-423,665,1258,-699,149,1273,-373,511,930,-140,381,918,140,290,905,-654,402,594,-4,435,613,-343,427,284,72,491,587,-306,459,258,69,392,473,-369,364,174,-97,
416,1444,-307,441,1468,-277,455,1468,-277,467,1467,-277,407,1465,-258,398,1463,-258,390,1462,-258,488,1448,-78,390,1440,7,443,1415,-235,402,1412,-211,580,1266,-46,326,1260,181,587,1052,-347,249,1070,27,661,1207,-811,148,1202,-459,679,1247,-880,120,1246,-527,679,1262,-880,131,1267,-536,668,1252,-820,144,1253,-478,511,925,-133,381,910,134,291,904,-708,402,591,-20,455,610,-387,427,287,84,510,588,-350,459,259,84,412,477,-418,363,180,-109,
420,1446,-281,444,1469,-246,458,1469,-246,469,1468,-246,411,1466,-230,401,1464,-230,393,1463,-230,490,1449,-46,392,1441,24,447,1417,-208,404,1414,-188,580,1267,-28,327,1259,189,594,1069,-319,243,1079,28,663,1237,-724,147,1220,-457,679,1275,-785,120,1266,-520,679,1290,-777,132,1287,-525,669,1279,-730,144,1273,-474,510,922,-132,378,906,133,301,879,-721,401,587,-12,470,602,-427,426,291,90,522,578,-392,458,261,89,430,474,-447,364,187,-108,
424,1448,-350,446,1470,-310,459,1470,-310,471,1469,-310,413,1468,-299,403,1466,-299,395,1464,-299,492,1451,-88,393,1443,-39,451,1421,-268,408,1417,-255,579,1270,-50,328,1261,130,598,1085,-356,236,1098,-94,674,1274,-743,142,1249,-603,681,1316,-802,117,1296,-670,682,1328,-775,132,1314,-668,677,1317,-741,144,1300,-618,510,922,-132,379,906,132,315,855,-771,398,585,-16,497,603,-361,424,293,119,558,591,-321,455,263,125,465,464,-415,367,189,-53,
426,1449,-350,447,1470,-311,461,1470,-311,472,1469,-311,415,1468,-296,405,1467,-296,397,1465,-296,494,1452,-95,395,1445,-23,454,1422,-269,411,1418,-249,578,1270,-46,328,1262,149,627,1114,-332,216,1121,-64,678,1301,-677,142,1280,-555,681,1345,-732,121,1327,-626,682,1358,-709,136,1342,-607,677,1345,-675,147,1326,-562,509,928,-131,381,914,131,328,825,-751,392,585,-33,522,598,-353,424,293,107,575,583,-312,455,263,111,503,454,-416,368,189,-86,
430,1452,-320,450,1472,-283,463,1471,-282,474,1470,-283,418,1470,-262,409,1468,-262,401,1467,-262,494,1455,-76,398,1448,22,459,1425,-243,417,1423,-216,578,1276,-20,331,1268,206,657,1142,-328,188,1147,29,679,1352,-652,142,1323,-313,680,1405,-693,123,1376,-374,679,1412,-645,137,1379,-329,675,1398,-636,149,1357,-310,507,937,-131,382,923,131,360,776,-694,389,583,-38,555,594,-314,423,294,107,593,573,-270,453,263,112,549,447,-392,368,189,-92,
436,1454,-248,455,1473,-203,467,1473,-203,477,1471,-203,423,1471,-186,415,1470,-186,406,1469,-186,495,1456,-8,402,1452,79,465,1428,-179,423,1427,-155,577,1282,20,333,1280,244,679,1210,-120,162,1220,239,678,1432,-193,143,1412,216,679,1486,-204,129,1463,180,673,1492,-174,145,1463,248,670,1473,-185,152,1445,231,504,943,-120,376,938,120,396,703,-537,387,603,-62,582,562,-116,420,299,128,616,561,-73,447,265,138,592,397,-219,369,189,-86,
452,1454,-165,468,1473,-109,477,1473,-109,485,1472,-109,437,1472,-101,427,1471,-101,417,1470,-101,498,1457,107,403,1452,153,476,1428,-91,436,1427,-79,575,1290,89,334,1291,312,687,1294,-93,151,1280,334,675,1505,-194,143,1473,355,671,1556,-229,134,1524,322,661,1556,-190,154,1525,384,659,1539,-188,159,1506,367,503,942,-117,373,935,116,431,648,-440,388,603,-49,613,489,99,415,302,205,644,494,153,440,269,221,621,319,7,372,189,-9,
452,1455,-141,469,1475,-82,479,1474,-82,487,1473,-82,438,1473,-66,429,1472,-66,420,1471,-66,500,1457,134,405,1453,214,475,1428,-69,436,1427,-48,574,1298,98,339,1297,370,687,1375,-131,148,1338,419,669,1559,-276,148,1525,478,662,1617,-322,148,1572,444,650,1616,-293,168,1573,514,647,1593,-277,170,1557,492,503,938,-111,371,934,110,469,613,-338,388,598,-46,638,424,188,412,302,258,659,425,234,434,269,273,640,267,14,374,189,5,
452,1456,-137,469,1477,-79,479,1476,-79,487,1475,-79,439,1475,-62,430,1474,-63,421,1472,-62,501,1459,147,407,1455,234,474,1428,-60,437,1428,-37,574,1309,119,347,1305,382,680,1429,-93,158,1386,343,663,1623,-242,163,1571,218,655,1674,-319,168,1618,131,643,1676,-304,188,1623,176,640,1662,-251,191,1606,213,504,938,-107,372,933,106,511,600,-254,388,594,-41,652,379,159,411,302,275,669,367,186,432,269,289,654,229,-125,375,189,-16,
454,1459,-218,471,1479,-137,481,1479,-137,489,1478,-137,441,1477,-140,431,1476,-140,422,1475,-140,503,1462,88,408,1458,205,476,1430,-114,439,1430,-112,575,1318,81,355,1316,256,676,1474,-119,171,1430,114,657,1671,-260,182,1627,-62,650,1720,-349,187,1675,-197,638,1728,-345,209,1676,-165,636,1709,-275,213,1664,-80,512,938,-80,373,934,79,547,590,-145,389,590,-14,660,339,208,409,301,318,672,320,222,430,269,331,664,190,-154,375,189,-7,
457,1463,-274,473,1485,-199,483,1485,-199,491,1484,-199,442,1482,-205,432,1480,-205,423,1478,-204,506,1466,76,409,1461,90,478,1432,-174,441,1431,-177,577,1328,49,360,1318,152,673,1522,-147,191,1469,-17,655,1712,-279,197,1674,-185,651,1762,-371,201,1718,-304,639,1769,-370,222,1720,-270,636,1747,-296,226,1708,-199,527,938,-65,380,934,65,569,578,-116,393,585,-4,659,322,241,408,300,328,662,298,255,430,268,342,663,179,-120,376,189,4,
456,1466,-542,472,1488,-489,482,1487,-489,491,1486,-489,442,1485,-483,432,1483,-483,423,1481,-483,507,1467,-252,413,1462,-212,478,1434,-457,442,1433,-447,582,1333,-264,367,1319,-125,673,1545,-484,227,1485,-309,652,1753,-615,212,1701,-468,651,1809,-716,217,1749,-574,640,1813,-717,240,1753,-546,636,1792,-634,243,1740,-480,543,938,-65,391,934,65,583,574,-19,400,578,100,650,302,298,408,297,415,652,275,307,431,266,425,660,173,-78,376,186,92,
458,1469,-523,473,1489,-469,483,1489,-469,492,1488,-469,442,1486,-464,433,1484,-464,424,1481,-464,509,1469,-233,415,1462,-200,481,1439,-438,444,1436,-429,589,1344,-259,373,1327,-127,672,1561,-488,253,1508,-311,652,1781,-622,230,1721,-462,650,1830,-721,236,1772,-566,640,1838,-724,256,1775,-542,636,1818,-641,259,1764,-476,563,937,-56,407,933,56,597,575,-4,410,572,107,646,302,337,408,301,453,647,274,348,429,269,467,655,168,-24,376,186,151,
459,1468,-557,474,1490,-511,484,1489,-510,493,1489,-511,443,1487,-499,434,1484,-499,425,1482,-499,511,1470,-302,419,1462,-240,482,1439,-481,446,1436,-464,594,1348,-347,383,1328,-174,664,1570,-610,282,1524,-324,653,1796,-752,255,1733,-461,651,1847,-846,253,1787,-552,640,1857,-848,273,1791,-542,637,1839,-770,279,1777,-480,578,937,-60,423,933,60,604,583,-19,422,572,115,648,323,327,408,303,432,643,299,340,429,270,444,658,185,2,377,187,146,
462,1468,-547,474,1491,-501,484,1491,-501,494,1490,-501,446,1487,-489,438,1485,-489,429,1482,-489,512,1471,-293,424,1462,-233,483,1441,-471,450,1438,-454,597,1352,-344,389,1328,-182,650,1570,-610,314,1534,-353,653,1800,-749,278,1742,-483,652,1846,-843,270,1794,-572,642,1853,-845,288,1800,-564,639,1842,-766,295,1785,-502,588,935,-62,433,931,62,608,581,-31,427,572,137,651,315,277,411,303,452,642,292,287,428,270,464,661,181,-44,378,187,182,
467,1468,-545,478,1491,-498,488,1491,-498,497,1491,-499,452,1487,-490,444,1484,-490,436,1482,-490,516,1472,-286,429,1462,-241,487,1440,-467,456,1438,-455,601,1355,-328,393,1329,-202,642,1567,-594,329,1537,-396,653,1796,-738,290,1745,-529,653,1847,-834,280,1799,-616,644,1850,-834,297,1804,-607,640,1838,-755,306,1788,-547,599,934,-57,443,930,57,618,578,-13,432,572,125,655,315,280,415,299,406,643,293,288,429,267,416,673,181,-31,379,185,138,
477,1468,-627,487,1490,-583,496,1491,-583,504,1491,-583,460,1487,-577,451,1484,-577,442,1482,-577,524,1472,-374,433,1462,-339,496,1440,-548,464,1438,-538,606,1354,-410,396,1327,-293,642,1569,-675,337,1540,-485,653,1798,-817,300,1751,-607,654,1849,-910,291,1800,-685,644,1853,-909,308,1806,-682,640,1840,-833,316,1791,-625,604,933,-55,446,929,55,620,582,-16,433,574,126,657,314,262,415,298,392,645,291,269,429,267,400,671,182,-47,376,183,124,
479,1468,-624,489,1490,-579,498,1491,-579,506,1490,-579,464,1486,-574,457,1484,-574,449,1482,-574,526,1472,-366,443,1462,-336,499,1440,-545,470,1437,-537,611,1354,-390,402,1326,-301,642,1572,-636,350,1548,-496,654,1800,-764,307,1761,-621,654,1847,-857,298,1803,-700,644,1851,-854,317,1809,-695,640,1838,-780,326,1796,-638,610,932,-47,458,928,47,626,585,6,438,576,118,658,317,290,415,298,384,644,289,297,429,266,392,670,183,-15,376,182,115,
482,1465,-619,492,1489,-572,501,1490,-572,509,1489,-572,468,1485,-568,460,1483,-568,452,1481,-568,529,1471,-355,445,1462,-330,502,1438,-540,472,1436,-533,614,1353,-392,403,1326,-288,642,1569,-644,353,1545,-485,655,1794,-782,312,1754,-606,655,1844,-877,304,1799,-683,645,1848,-878,324,1807,-680,641,1833,-799,332,1794,-624,621,927,-48,462,924,48,629,586,-20,439,577,115,660,307,259,411,295,377,646,285,268,428,261,386,666,179,-34,364,181,108,
487,1462,-621,496,1487,-574,505,1488,-574,514,1488,-574,472,1483,-569,464,1481,-569,456,1479,-569,533,1470,-355,448,1460,-330,508,1436,-541,478,1433,-533,621,1352,-381,408,1324,-295,650,1563,-624,355,1539,-495,665,1793,-751,316,1746,-621,665,1846,-844,307,1794,-702,652,1850,-847,327,1802,-696,648,1834,-769,335,1787,-639,624,922,-39,463,921,39,625,586,0,440,577,109,658,317,319,406,294,377,642,295,331,427,260,386,663,181,28,363,178,108,
495,1460,-664,504,1486,-613,513,1487,-613,521,1488,-614,479,1482,-612,471,1480,-612,462,1478,-612,538,1470,-375,454,1460,-364,515,1435,-576,484,1432,-573,627,1351,-386,412,1324,-319,661,1561,-618,350,1537,-520,676,1787,-754,315,1748,-646,679,1840,-854,310,1792,-732,666,1845,-860,329,1801,-725,661,1829,-775,336,1787,-664,628,922,-36,469,921,36,629,585,2,443,577,109,656,322,404,403,295,450,639,301,424,425,260,467,662,181,108,362,178,172,
504,1458,-662,513,1484,-612,521,1485,-611,529,1486,-612,487,1479,-610,478,1478,-610,469,1475,-610,546,1468,-374,462,1457,-363,522,1433,-574,491,1430,-571,634,1350,-371,417,1323,-320,680,1561,-596,343,1531,-516,689,1781,-736,314,1745,-646,694,1836,-833,310,1792,-731,678,1840,-836,331,1799,-722,672,1825,-756,337,1785,-663,634,922,-32,474,921,32,635,583,-7,446,577,100,656,319,379,401,295,433,639,299,397,423,260,448,666,181,76,361,178,153,
515,1458,-535,524,1484,-479,532,1485,-478,540,1485,-479,498,1479,-480,488,1477,-480,479,1474,-479,556,1468,-246,470,1456,-245,533,1432,-453,502,1428,-452,643,1349,-253,424,1320,-211,718,1558,-450,339,1530,-393,715,1775,-563,310,1740,-516,712,1829,-654,308,1784,-598,693,1834,-659,329,1791,-575,689,1818,-584,335,1777,-528,642,922,-32,481,921,32,638,583,-23,451,575,74,656,312,273,401,294,323,640,288,278,423,260,329,669,176,-31,361,178,55,
524,1458,-487,534,1484,-428,541,1485,-428,551,1485,-428,507,1479,-426,497,1477,-426,488,1474,-426,566,1468,-197,479,1456,-184,542,1432,-408,511,1428,-403,652,1347,-211,431,1317,-136,745,1555,-388,329,1495,-300,733,1765,-485,307,1724,-427,729,1820,-572,305,1769,-509,709,1828,-579,327,1775,-479,705,1808,-507,333,1760,-438,650,920,-34,491,918,33,641,585,-27,457,571,62,656,315,259,401,294,295,640,292,266,424,261,301,668,178,-32,361,178,34,
530,1461,-379,538,1486,-317,546,1487,-317,555,1487,-317,513,1480,-313,503,1478,-313,494,1474,-312,570,1468,-83,483,1456,-57,548,1434,-301,518,1429,-293,660,1343,-97,439,1312,-5,766,1529,-260,305,1470,-169,752,1735,-367,305,1696,-321,746,1786,-456,304,1732,-411,726,1794,-466,326,1736,-374,723,1775,-391,332,1723,-330,658,918,-34,502,916,34,646,585,-50,467,566,42,661,313,211,402,297,253,646,289,216,424,266,257,669,171,-94,362,178,-12,
541,1461,-272,546,1486,-207,553,1487,-207,562,1486,-207,522,1480,-205,512,1478,-205,502,1474,-204,574,1468,45,485,1455,60,557,1434,-187,527,1429,-182,667,1339,63,443,1310,144,804,1491,-76,275,1422,12,769,1689,-138,304,1638,-123,760,1733,-214,303,1677,-205,742,1738,-200,326,1679,-154,740,1723,-150,332,1665,-123,664,914,-35,515,914,35,644,583,-59,485,565,30,664,315,221,407,305,258,651,290,229,425,278,265,669,172,-77,364,185,-6,
545,1461,-248,548,1485,-188,555,1486,-188,563,1486,-188,524,1479,-182,514,1477,-182,504,1473,-182,575,1467,52,488,1454,83,562,1434,-167,534,1429,-158,673,1333,97,444,1303,180,837,1430,-23,257,1359,72,785,1636,-76,291,1569,-54,775,1684,-136,294,1618,-128,759,1685,-111,314,1618,-71,757,1668,-80,319,1601,-50,668,914,-34,522,914,34,649,581,-134,514,565,-69,664,318,218,419,344,338,651,301,235,428,324,377,669,173,-53,372,214,184,
541,1461,-288,547,1485,-229,555,1485,-228,563,1486,-229,522,1479,-226,512,1477,-226,502,1473,-226,576,1467,11,488,1454,25,562,1435,-207,531,1431,-202,675,1327,106,444,1301,111,859,1378,0,241,1301,-17,814,1572,-125,273,1492,-179,806,1627,-178,276,1550,-249,786,1628,-146,294,1555,-201,783,1609,-125,300,1534,-175,669,928,-16,522,928,16,654,585,-129,559,591,-115,664,318,163,445,400,458,651,303,179,448,393,516,669,173,-91,398,264,386,
554,1462,-334,556,1485,-276,564,1486,-276,571,1486,-276,531,1480,-263,520,1477,-263,509,1474,-262,579,1468,-38,492,1454,-39,576,1436,-254,547,1431,-237,686,1321,97,448,1298,48,878,1325,-32,239,1262,-71,833,1519,-250,261,1455,-217,818,1579,-310,263,1507,-312,800,1582,-273,284,1511,-271,799,1561,-250,290,1493,-235,670,940,36,531,945,-36,664,598,-42,603,632,-144,665,316,128,479,449,448,653,295,130,472,447,445,671,171,-141,429,332,298,
549,1463,-388,555,1488,-339,564,1488,-339,573,1488,-339,528,1483,-334,517,1479,-334,507,1476,-334,585,1470,-104,493,1456,-103,572,1438,-306,541,1433,-299,693,1316,37,450,1294,8,877,1263,-110,248,1214,-105,849,1456,-490,252,1406,-252,837,1511,-547,256,1458,-326,818,1516,-487,279,1464,-294,817,1497,-479,283,1444,-239,673,948,35,535,957,-35,662,620,-41,631,713,-398,664,316,112,520,486,-14,653,287,113,506,472,21,672,172,-170,500,373,-149,
547,1464,-366,556,1489,-318,565,1489,-318,575,1489,-318,527,1483,-316,517,1479,-316,507,1476,-316,589,1472,-81,496,1456,-84,570,1439,-282,537,1433,-280,696,1312,74,451,1293,12,859,1217,-133,268,1169,-114,851,1409,-650,245,1363,-356,851,1459,-720,246,1410,-417,831,1469,-667,268,1423,-387,827,1450,-644,274,1405,-350,671,948,41,531,964,-41,665,620,-67,644,792,-673,664,316,62,554,532,-285,652,276,64,541,519,-241,672,173,-208,560,406,-410,
547,1464,-311,559,1489,-263,568,1490,-263,578,1489,-263,528,1483,-261,518,1479,-261,509,1476,-261,595,1472,-29,499,1456,-31,571,1439,-228,535,1433,-227,703,1304,111,452,1287,61,846,1162,-142,307,1124,-82,861,1337,-602,245,1301,-441,873,1390,-674,236,1350,-502,852,1407,-641,255,1364,-486,844,1390,-604,265,1347,-443,671,952,37,528,967,-36,669,620,-102,643,868,-717,664,316,-11,574,578,-390,652,276,-14,559,560,-351,673,173,-288,590,438,-538,
550,1464,-260,563,1490,-213,573,1490,-213,582,1490,-213,532,1483,-212,521,1480,-212,512,1476,-211,596,1472,12,503,1456,12,575,1439,-179,537,1433,-177,704,1302,135,455,1278,127,813,1125,-69,350,1091,59,853,1292,-579,248,1240,-275,868,1341,-584,238,1290,-312,855,1357,-571,254,1308,-316,847,1341,-579,263,1293,-285,670,956,28,526,967,-28,668,635,-83,625,950,-664,664,320,-2,614,623,-462,649,290,-7,596,586,-434,673,173,-281,624,464,-628,
562,1465,-288,571,1490,-242,580,1490,-242,589,1490,-242,541,1483,-243,529,1480,-243,518,1476,-243,599,1473,-10,506,1456,-13,583,1439,-204,545,1432,-206,705,1301,121,458,1276,97,771,1107,-55,382,1077,31,846,1255,-490,253,1214,-280,862,1295,-515,242,1257,-319,857,1313,-504,257,1277,-326,847,1301,-494,266,1265,-291,666,959,25,525,966,-25,666,650,-31,636,1028,-690,664,326,21,632,685,-538,650,307,15,621,642,-514,670,175,-256,656,500,-701,
566,1466,-277,575,1491,-234,584,1491,-234,593,1491,-235,545,1485,-234,533,1481,-234,521,1477,-233,603,1475,-5,509,1456,-6,586,1439,-194,549,1432,-193,706,1300,114,463,1276,115,748,1099,-57,405,1075,60,841,1229,-444,262,1186,-267,857,1259,-487,244,1222,-309,855,1278,-483,258,1244,-329,846,1271,-453,267,1237,-286,663,958,24,524,964,-24,667,654,-4,646,1081,-713,664,337,19,640,748,-612,649,324,11,626,701,-593,671,175,-254,668,601,-769,
576,1470,-294,583,1492,-247,590,1492,-247,599,1492,-248,554,1487,-248,542,1484,-248,531,1480,-248,607,1477,-13,514,1456,-10,595,1441,-210,559,1432,-211,709,1300,100,462,1275,96,740,1097,-87,429,1075,7,845,1211,-492,281,1156,-335,863,1236,-546,252,1195,-367,862,1257,-547,260,1219,-414,854,1251,-504,268,1210,-363,661,954,26,524,964,-26,668,652,37,650,1120,-636,664,336,107,647,802,-601,648,322,106,629,738,-591,672,175,-110,678,655,-752,
576,1470,-289,584,1492,-246,591,1492,-246,599,1492,-246,555,1487,-249,543,1484,-249,533,1480,-249,608,1477,-16,517,1456,-18,595,1440,-206,560,1431,-210,709,1301,103,461,1276,85,740,1100,-90,438,1076,78,843,1207,-500,298,1146,-108,860,1231,-557,265,1183,-125,859,1251,-554,266,1208,-174,852,1245,-511,274,1198,-134,654,954,28,523,963,-27,667,650,40,655,1125,-589,665,333,115,655,818,-555,648,320,116,635,756,-544,673,175,-89,686,676,-688,
582,1473,-297,587,1494,-251,594,1494,-251,601,1494,-251,559,1491,-253,548,1488,-253,537,1484,-254,607,1477,-20,519,1457,-75,600,1443,-213,566,1435,-218,708,1301,97,461,1275,24,743,1099,-91,426,1074,-51,846,1206,-494,294,1163,-371,863,1241,-553,262,1197,-406,859,1265,-545,264,1223,-450,851,1254,-503,274,1216,-397,650,951,37,522,958,-37,666,645,93,659,1103,-587,664,332,170,663,792,-517,647,318,170,639,717,-504,673,176,-33,700,658,-654,
579,1473,-335,584,1495,-287,592,1494,-287,600,1494,-287,557,1491,-293,546,1488,-293,535,1484,-294,607,1477,-45,519,1457,-91,598,1444,-249,563,1436,-258,707,1299,93,461,1272,11,744,1104,-94,411,1071,-77,853,1226,-530,289,1189,-404,866,1265,-592,252,1228,-443,865,1285,-578,261,1249,-474,857,1271,-538,272,1240,-425,650,950,43,522,956,-43,666,631,99,670,1090,-589,663,332,187,660,794,-535,646,317,187,634,723,-525,675,177,-28,684,644,-680,
578,1473,-356,583,1493,-304,591,1493,-305,599,1492,-305,555,1490,-314,544,1487,-314,534,1484,-314,607,1476,-56,520,1457,-107,597,1443,-269,562,1436,-281,707,1296,96,460,1270,-20,768,1116,-97,402,1075,-152,867,1251,-561,275,1209,-512,886,1295,-629,239,1250,-559,879,1312,-617,253,1271,-585,871,1298,-572,266,1259,-532,650,942,60,522,949,-60,666,611,104,678,1068,-597,662,328,202,644,780,-551,643,301,201,623,717,-542,675,181,0,664,634,-684,
577,1472,-386,582,1493,-338,591,1493,-339,598,1492,-339,554,1490,-347,543,1487,-347,533,1483,-347,606,1476,-100,519,1457,-149,596,1443,-301,561,1436,-313,706,1296,68,460,1270,-66,795,1127,-150,365,1088,-213,874,1262,-619,265,1213,-560,898,1311,-691,234,1263,-609,884,1325,-667,252,1287,-619,873,1310,-625,265,1268,-572,657,944,55,522,948,-55,665,612,77,681,1018,-681,659,328,194,626,680,-409,641,303,195,607,677,-366,674,187,-12,629,533,-466,
576,1471,-392,582,1492,-347,590,1492,-347,598,1491,-347,554,1489,-349,543,1486,-349,532,1483,-349,606,1475,-119,519,1457,-134,596,1442,-311,560,1436,-314,706,1295,31,458,1274,-57,826,1160,-231,328,1123,-179,873,1323,-672,258,1299,-466,891,1373,-739,234,1344,-512,878,1386,-702,252,1359,-530,868,1367,-673,264,1339,-481,664,944,53,522,947,-53,664,612,0,676,939,-729,657,318,180,600,650,-367,638,300,185,581,633,-320,673,195,-32,606,504,-435,
575,1471,-395,581,1492,-350,590,1492,-350,598,1491,-350,553,1489,-353,542,1486,-353,532,1482,-353,606,1474,-125,519,1458,-142,596,1442,-316,559,1436,-320,705,1295,24,458,1279,-63,843,1205,-217,301,1163,-151,871,1382,-618,252,1363,-289,889,1438,-716,236,1414,-324,866,1447,-613,252,1425,-307,860,1433,-664,264,1408,-288,665,944,52,522,947,-51,664,620,-46,672,881,-662,646,338,105,567,605,-272,637,302,108,551,590,-228,671,199,-117,579,449,-347,
575,1471,-351,581,1492,-297,590,1492,-297,598,1491,-298,553,1489,-308,542,1486,-308,532,1482,-308,606,1474,-53,519,1458,-103,596,1442,-265,559,1436,-280,701,1297,104,458,1288,-45,850,1258,-152,275,1220,-150,869,1438,-521,251,1415,-287,879,1498,-601,241,1471,-337,854,1505,-544,261,1481,-316,851,1484,-532,267,1462,-287,664,945,81,519,952,-81,678,620,-71,671,802,-574,647,338,49,532,562,-192,637,299,48,505,551,-151,671,198,-187,515,412,-265,
575,1467,-310,581,1489,-253,589,1489,-253,597,1489,-253,553,1486,-268,542,1484,-268,532,1481,-268,604,1472,5,518,1458,-67,596,1438,-218,559,1433,-240,694,1304,173,456,1292,-37,865,1317,37,258,1268,-141,858,1516,-196,252,1468,-226,850,1573,-255,245,1529,-284,832,1571,-221,264,1536,-254,832,1551,-197,268,1518,-224,663,945,105,520,953,-105,681,615,-61,671,730,-481,649,331,49,492,532,-82,637,292,46,462,534,-41,674,196,-201,451,379,-153,
575,1463,-342,581,1486,-264,589,1486,-264,597,1486,-264,553,1484,-290,542,1482,-290,532,1479,-290,600,1471,3,518,1457,-69,595,1436,-222,559,1431,-259,686,1310,169,455,1296,-14,866,1373,68,258,1322,-114,847,1568,-136,252,1533,-228,835,1634,-200,252,1589,-301,820,1633,-176,270,1595,-272,820,1609,-142,273,1574,-229,663,945,92,522,951,-92,676,621,-110,638,671,-477,652,328,66,445,485,-94,639,291,66,418,480,-62,674,191,-223,407,327,-262,
568,1463,-328,575,1485,-257,583,1486,-257,592,1485,-257,547,1483,-274,536,1481,-274,527,1479,-274,595,1470,20,513,1457,-38,588,1435,-222,553,1431,-245,680,1318,148,455,1301,15,859,1431,42,267,1392,-101,825,1631,-155,253,1601,-223,818,1686,-226,257,1651,-305,801,1686,-216,276,1657,-270,800,1671,-167,279,1643,-226,662,944,91,522,946,-90,672,615,-96,595,627,-283,652,325,140,403,438,218,639,291,152,377,441,262,674,190,-144,374,292,93,
565,1460,-276,573,1482,-211,582,1482,-211,590,1483,-211,544,1479,-227,533,1477,-227,523,1475,-227,593,1467,56,510,1455,-10,585,1431,-180,549,1427,-201,673,1321,152,456,1305,13,844,1462,73,279,1444,-157,806,1666,-95,263,1659,-257,804,1720,-162,266,1706,-310,788,1723,-165,286,1710,-303,785,1711,-113,290,1696,-262,662,942,84,522,942,-84,660,601,-85,546,598,-258,653,323,203,373,403,266,638,294,220,341,403,313,672,184,-47,347,256,139,
562,1457,-338,570,1480,-272,578,1480,-272,587,1480,-272,542,1477,-287,531,1475,-287,521,1472,-287,589,1464,1,509,1452,-66,581,1428,-242,547,1425,-261,669,1323,50,456,1310,-66,808,1486,-3,281,1471,-255,792,1705,-218,269,1684,-363,793,1757,-287,269,1734,-452,778,1764,-287,289,1740,-420,773,1748,-236,294,1725,-370,660,941,58,522,941,-58,654,598,-80,507,582,-200,655,317,269,348,375,328,641,293,290,318,375,373,669,180,5,332,230,162,
556,1457,-421,564,1480,-358,573,1480,-357,583,1480,-357,537,1477,-369,527,1474,-369,517,1471,-369,587,1463,-84,505,1452,-137,576,1429,-326,542,1425,-341,664,1328,-29,455,1318,-138,779,1504,-110,296,1498,-351,783,1722,-269,274,1712,-491,783,1775,-335,272,1769,-588,767,1781,-324,292,1772,-557,762,1769,-273,298,1756,-500,653,941,44,518,941,-45,646,599,-66,479,575,-200,655,317,372,324,355,309,641,296,399,298,346,351,667,177,105,326,202,106,
552,1458,-482,560,1480,-422,570,1480,-422,579,1480,-422,533,1477,-434,523,1474,-434,513,1472,-434,584,1463,-164,500,1452,-214,571,1429,-390,538,1425,-404,659,1333,-129,451,1325,-216,759,1517,-245,329,1518,-448,771,1742,-402,280,1743,-583,771,1794,-482,277,1802,-672,756,1800,-501,295,1806,-654,751,1788,-429,301,1786,-596,645,941,28,507,941,-28,644,598,-63,454,571,-165,656,312,360,314,339,325,644,293,385,297,324,362,662,174,85,318,196,108,
546,1457,-507,555,1480,-454,563,1480,-454,572,1479,-454,528,1477,-464,518,1475,-464,507,1472,-464,580,1462,-216,494,1452,-260,565,1428,-421,530,1425,-434,648,1338,-191,448,1339,-267,737,1527,-327,355,1534,-499,765,1757,-493,286,1766,-634,767,1808,-577,281,1821,-713,754,1815,-595,298,1828,-709,749,1805,-521,303,1811,-652,634,944,20,496,942,-21,641,599,-41,433,580,-113,654,312,315,316,332,270,642,295,331,307,308,295,658,174,36,322,197,34,
533,1456,-490,544,1480,-440,553,1480,-440,562,1479,-440,516,1477,-445,507,1475,-444,497,1472,-444,573,1462,-209,485,1453,-229,552,1428,-407,518,1425,-412,638,1342,-195,444,1343,-232,715,1538,-365,371,1554,-453,758,1764,-536,291,1779,-605,762,1814,-625,284,1827,-685,752,1823,-642,298,1835,-690,747,1811,-564,303,1821,-627,624,944,5,489,942,-5,639,597,-22,418,589,-38,654,312,299,314,318,269,642,295,312,309,280,283,654,174,14,317,196,3,
527,1457,-504,538,1481,-450,547,1481,-450,557,1480,-450,511,1478,-455,502,1475,-455,493,1473,-455,568,1462,-204,480,1455,-224,547,1428,-414,512,1426,-420,635,1343,-177,437,1347,-239,702,1549,-343,377,1564,-475,743,1762,-520,298,1786,-621,754,1810,-611,289,1833,-709,745,1819,-627,299,1840,-709,739,1805,-548,304,1827,-643,616,943,10,475,941,-10,636,589,-9,405,586,-63,653,311,396,312,319,336,642,294,419,308,287,361,654,178,118,318,195,78,
522,1457,-477,533,1481,-423,542,1481,-422,551,1481,-423,507,1478,-433,498,1476,-433,489,1474,-433,563,1463,-174,477,1456,-197,541,1429,-388,508,1426,-404,633,1347,-146,436,1349,-204,691,1551,-336,380,1573,-406,734,1768,-508,305,1790,-559,741,1814,-602,296,1839,-646,733,1823,-614,305,1846,-643,729,1809,-534,311,1832,-578,607,943,0,468,940,0,627,588,-6,397,587,-29,654,312,402,314,312,365,642,294,426,318,280,388,654,179,126,318,193,110,
520,1457,-494,532,1481,-441,540,1481,-440,549,1481,-441,505,1478,-446,496,1476,-446,487,1474,-445,559,1463,-191,473,1458,-205,537,1428,-403,504,1426,-409,629,1346,-170,427,1350,-222,687,1551,-352,381,1574,-457,729,1762,-524,315,1785,-607,733,1807,-619,304,1835,-697,725,1819,-632,314,1843,-696,722,1803,-551,321,1828,-628,597,941,1,455,937,-2,618,589,-8,385,586,-50,652,319,421,312,309,374,637,301,448,319,282,401,654,179,146,320,189,116,
517,1453,-483,529,1480,-430,538,1480,-430,547,1479,-430,501,1477,-435,492,1475,-435,482,1473,-434,558,1462,-184,468,1457,-199,535,1425,-393,500,1422,-398,628,1345,-172,421,1348,-213,681,1553,-358,380,1571,-445,716,1761,-531,320,1784,-590,720,1807,-628,310,1835,-682,713,1818,-637,321,1842,-683,711,1802,-556,326,1825,-612,594,935,-6,443,933,6,612,586,-30,385,581,-66,652,309,390,312,319,417,637,286,417,322,293,452,655,178,119,319,196,199,
515,1452,-505,528,1479,-454,537,1480,-454,546,1479,-454,499,1476,-460,490,1475,-460,480,1473,-460,556,1462,-208,465,1457,-233,533,1423,-415,497,1421,-422,625,1345,-198,417,1348,-245,679,1552,-371,378,1567,-485,713,1754,-545,321,1785,-619,718,1802,-642,313,1836,-704,711,1813,-653,324,1842,-707,708,1796,-570,330,1826,-640,592,933,-3,441,932,3,613,585,-21,384,581,-39,651,307,369,310,318,367,636,285,392,315,290,394,655,173,101,318,198,129,
515,1451,-544,527,1479,-493,536,1479,-493,545,1479,-494,498,1476,-498,488,1474,-498,478,1472,-498,555,1462,-245,463,1457,-260,532,1422,-452,496,1420,-456,625,1345,-231,416,1346,-258,681,1545,-408,376,1568,-495,715,1751,-584,322,1784,-645,721,1799,-684,313,1835,-736,713,1809,-696,325,1841,-738,709,1792,-610,331,1824,-667,591,932,-5,440,932,5,611,586,-13,385,579,-8,649,309,410,309,313,410,633,287,436,313,287,436,654,174,124,316,198,146,
515,1451,-556,528,1479,-500,537,1479,-500,546,1479,-500,498,1476,-507,488,1474,-507,478,1472,-507,555,1462,-236,463,1457,-262,532,1422,-458,496,1420,-466,625,1343,-212,417,1343,-253,688,1544,-386,375,1564,-489,721,1754,-558,321,1787,-631,726,1803,-657,312,1836,-725,717,1813,-668,325,1842,-720,714,1796,-584,331,1826,-651,594,929,-3,445,931,3,612,577,-8,380,572,-15,647,309,467,307,311,429,631,287,498,313,286,457,653,174,183,316,194,157,
516,1451,-592,528,1479,-535,537,1479,-535,547,1479,-535,498,1476,-542,488,1474,-542,477,1472,-542,556,1462,-265,463,1457,-295,533,1422,-493,496,1420,-501,626,1343,-236,417,1342,-279,691,1540,-404,365,1563,-519,723,1751,-576,320,1784,-658,726,1801,-678,312,1833,-755,719,1812,-691,327,1838,-745,716,1795,-604,333,1822,-677,595,928,-3,447,930,3,613,577,-9,386,574,-9,647,309,469,309,309,438,630,288,500,314,283,466,653,174,175,315,190,159,
516,1451,-638,529,1479,-580,538,1479,-580,547,1479,-580,499,1476,-585,488,1474,-585,478,1472,-585,557,1462,-310,464,1457,-331,534,1422,-540,497,1420,-546,627,1343,-267,418,1335,-299,710,1537,-432,339,1557,-528,728,1751,-587,319,1776,-656,733,1801,-683,314,1825,-749,721,1811,-690,331,1830,-727,716,1794,-611,337,1815,-669,599,928,-2,448,930,2,614,578,0,392,576,8,647,309,456,311,313,413,631,289,484,312,286,438,653,174,157,316,188,140,
519,1450,-529,531,1479,-466,541,1479,-466,550,1479,-466,501,1475,-468,490,1474,-468,479,1471,-468,558,1462,-194,465,1456,-202,537,1422,-434,501,1419,-435,630,1339,-161,419,1330,-141,740,1524,-308,318,1525,-333,749,1746,-426,317,1747,-464,747,1797,-518,314,1802,-559,731,1809,-519,332,1805,-517,728,1788,-447,337,1787,-471,606,926,-6,449,928,6,614,578,-45,397,575,-16,647,309,422,313,317,398,632,289,454,313,290,425,653,174,134,316,187,136,
522,1454,-408,533,1481,-343,543,1481,-342,552,1480,-343,505,1477,-343,493,1475,-343,482,1472,-343,561,1462,-75,468,1456,-77,541,1425,-318,506,1422,-318,641,1336,-42,422,1322,-26,766,1502,-146,302,1483,-210,770,1722,-237,312,1707,-348,767,1771,-320,313,1755,-442,749,1781,-325,332,1759,-392,744,1764,-259,336,1744,-352,622,925,-6,461,926,6,615,575,-96,419,567,-53,647,305,340,315,319,392,632,286,368,314,300,423,653,172,55,318,188,128,
524,1462,-299,534,1486,-228,543,1485,-228,552,1484,-228,508,1482,-226,499,1479,-226,490,1476,-225,562,1463,43,477,1456,56,542,1435,-209,510,1432,-204,648,1331,88,427,1315,109,794,1463,-1,273,1442,-75,782,1674,-41,308,1666,-203,781,1718,-110,313,1706,-296,764,1724,-99,332,1710,-233,759,1709,-54,336,1698,-200,637,922,-7,482,923,7,618,572,-130,457,562,-124,647,305,324,322,338,386,633,288,355,314,327,422,653,172,45,318,188,164,
531,1462,-235,537,1487,-169,546,1486,-169,554,1485,-169,513,1482,-169,504,1479,-169,494,1476,-169,563,1464,98,480,1456,99,551,1436,-145,520,1432,-144,653,1326,165,431,1310,167,824,1417,62,262,1407,11,787,1624,0,301,1614,-118,786,1675,-61,308,1657,-196,770,1676,-33,328,1657,-136,765,1658,-2,330,1644,-112,642,923,-4,494,924,4,623,573,-148,511,564,-221,645,321,267,348,375,384,632,310,298,330,372,420,652,172,32,323,221,246,
536,1463,-260,542,1487,-198,550,1486,-198,558,1485,-198,514,1482,-206,504,1479,-206,495,1476,-205,567,1466,82,480,1456,44,559,1436,-163,524,1432,-174,660,1319,244,432,1305,83,852,1363,172,239,1341,-91,808,1563,20,292,1541,-216,800,1617,-36,300,1593,-286,782,1619,-8,316,1594,-229,777,1602,17,319,1576,-206,644,926,66,506,928,-66,633,577,-123,568,577,-287,645,318,223,374,405,363,632,304,246,351,407,415,661,169,-3,357,254,276,
541,1463,-230,546,1486,-179,554,1486,-178,562,1485,-178,518,1482,-191,508,1479,-191,498,1476,-191,570,1466,74,482,1456,17,564,1436,-140,529,1432,-157,666,1312,274,436,1305,45,849,1301,255,231,1284,-82,826,1491,100,279,1485,-159,816,1546,60,288,1538,-202,799,1550,88,307,1545,-152,796,1533,101,311,1526,-144,643,936,100,510,937,-100,648,604,-30,612,618,-273,648,312,121,422,445,162,633,287,122,394,443,206,676,170,-112,393,288,109,
542,1463,-252,549,1487,-251,557,1487,-251,565,1486,-251,519,1482,-256,509,1479,-256,499,1476,-257,575,1468,-38,485,1456,-68,566,1436,-194,530,1432,-205,673,1306,169,440,1304,-19,846,1252,83,236,1244,-137,836,1440,33,270,1440,-223,831,1491,-99,281,1487,-266,812,1495,-114,302,1491,-214,810,1478,-12,304,1475,-210,642,941,110,511,941,-110,653,630,7,647,651,-256,652,314,138,464,485,164,635,287,138,431,490,207,678,171,-100,438,334,101,
555,1465,-290,559,1488,-250,567,1488,-250,575,1487,-250,530,1484,-257,518,1480,-257,508,1477,-257,581,1470,-12,491,1457,-51,575,1438,-208,542,1433,-218,681,1302,207,443,1303,-6,836,1197,74,246,1199,-96,845,1373,-209,265,1395,-223,845,1427,-280,270,1444,-263,829,1440,-247,291,1449,-230,825,1420,-212,295,1429,-215,643,946,122,510,958,-123,678,625,-4,664,722,-486,654,314,99,510,517,-111,636,287,97,483,519,-68,681,173,-128,493,370,-168,
558,1471,-308,563,1492,-262,571,1492,-262,580,1491,-262,534,1487,-265,521,1483,-265,510,1479,-265,587,1474,-17,495,1458,-52,579,1444,-225,543,1437,-232,689,1300,155,444,1297,-6,815,1151,-61,275,1152,-122,860,1311,-547,257,1345,-375,880,1358,-623,253,1388,-425,856,1380,-608,275,1404,-415,847,1366,-556,281,1385,-376,642,948,109,508,960,-109,675,624,-15,680,781,-525,654,314,53,535,546,-141,636,288,49,509,548,-96,680,175,-162,543,403,-189,
558,1473,-318,566,1494,-266,575,1494,-266,584,1493,-266,534,1488,-272,521,1484,-272,511,1479,-272,593,1476,-46,497,1459,-63,581,1445,-233,542,1438,-239,693,1297,138,447,1291,-7,774,1119,-120,314,1116,-82,856,1267,-629,256,1284,-343,880,1310,-701,241,1328,-366,865,1330,-686,257,1342,-409,853,1318,-640,268,1327,-361,643,947,97,507,957,-97,673,621,-40,696,845,-586,653,310,27,550,586,-264,636,288,25,520,581,-224,679,175,-189,576,435,-353,
560,1476,-333,568,1495,-293,577,1495,-294,585,1494,-294,537,1491,-299,525,1487,-299,514,1483,-299,595,1478,-72,500,1461,-98,582,1448,-250,543,1441,-258,695,1293,132,448,1287,-26,738,1091,-108,358,1090,-112,847,1218,-612,259,1229,-416,870,1258,-685,234,1273,-453,864,1279,-678,251,1295,-478,852,1268,-624,265,1281,-431,642,942,96,506,950,-95,649,617,7,708,893,-618,652,304,97,589,613,-272,636,280,99,556,606,-228,678,176,-146,607,464,-323,
560,1476,-326,569,1496,-289,577,1496,-289,585,1496,-289,539,1491,-292,527,1488,-292,517,1484,-292,595,1480,-68,503,1461,-94,582,1449,-245,543,1441,-249,697,1292,102,451,1282,8,721,1083,-117,397,1077,-84,844,1186,-593,264,1198,-419,862,1220,-663,242,1237,-465,857,1239,-665,256,1260,-490,846,1232,-606,268,1252,-438,642,940,76,505,944,-76,645,617,24,709,959,-661,649,310,74,622,643,-472,608,280,68,601,616,-446,674,176,-157,641,515,-584,
561,1476,-317,570,1497,-280,578,1497,-281,586,1497,-281,541,1492,-286,530,1489,-286,519,1485,-286,595,1481,-64,506,1462,-89,584,1449,-235,545,1441,-241,698,1293,94,450,1281,10,716,1090,-105,424,1074,-79,839,1181,-557,281,1175,-416,858,1211,-628,246,1208,-463,853,1230,-634,261,1230,-496,844,1223,-572,271,1225,-439,642,943,61,505,944,-61,644,626,15,702,983,-632,647,334,50,624,667,-473,609,289,42,609,635,-451,671,181,-181,650,533,-601,
562,1476,-321,571,1498,-287,579,1497,-287,588,1497,-287,542,1493,-296,530,1489,-296,519,1485,-296,597,1481,-63,507,1462,-101,585,1449,-236,545,1441,-248,698,1294,95,450,1279,4,722,1088,-97,425,1072,-96,837,1201,-536,285,1180,-449,860,1227,-607,249,1211,-495,857,1249,-606,262,1235,-535,846,1240,-549,273,1231,-474,642,943,60,504,941,-59,644,630,29,700,1001,-581,647,344,66,626,667,-428,616,313,59,612,636,-409,671,184,-159,668,533,-554,
562,1475,-326,570,1497,-293,579,1497,-294,587,1497,-294,541,1493,-299,530,1489,-299,519,1485,-300,597,1481,-69,507,1462,-97,584,1446,-241,545,1439,-249,699,1293,94,450,1277,4,731,1090,-102,412,1070,-96,835,1207,-555,284,1197,-440,861,1239,-626,243,1234,-486,859,1264,-622,256,1257,-518,849,1255,-566,270,1247,-462,640,941,59,504,937,-59,644,625,58,705,997,-618,647,341,93,645,701,-470,620,316,77,614,635,-451,670,187,-119,669,548,-590,
561,1474,-358,570,1497,-318,578,1497,-319,587,1497,-319,540,1493,-323,529,1489,-323,518,1485,-323,598,1480,-87,506,1462,-112,584,1446,-273,544,1439,-278,699,1292,81,450,1274,-7,741,1101,-126,395,1073,-99,844,1236,-597,276,1212,-454,868,1271,-671,236,1253,-502,862,1293,-660,253,1276,-528,851,1285,-607,268,1264,-473,641,941,55,506,936,-54,644,631,43,703,977,-611,647,344,94,621,670,-417,609,313,85,601,632,-393,665,189,-122,653,533,-524,
561,1474,-365,569,1497,-321,578,1497,-321,587,1497,-322,540,1492,-326,529,1489,-327,518,1485,-327,597,1480,-86,506,1462,-115,584,1446,-281,544,1439,-287,698,1292,75,448,1274,-16,764,1113,-134,370,1086,-141,856,1255,-583,267,1235,-500,876,1291,-652,233,1278,-547,865,1312,-634,251,1299,-560,855,1302,-590,266,1285,-513,645,941,53,507,935,-52,643,629,35,697,948,-610,647,342,85,609,654,-362,618,311,78,584,627,-333,665,191,-136,629,517,-459,
560,1474,-368,569,1497,-327,578,1497,-327,587,1497,-327,540,1492,-328,528,1489,-328,518,1485,-328,597,1480,-107,506,1462,-113,584,1445,-289,543,1439,-290,698,1292,48,444,1275,-22,796,1120,-161,335,1101,-120,859,1283,-567,256,1262,-370,875,1337,-630,228,1310,-403,862,1358,-608,247,1324,-410,852,1340,-570,263,1305,-379,651,939,43,506,935,-43,644,628,-24,692,941,-605,646,331,85,606,642,-355,620,308,83,577,617,-309,664,192,-135,622,504,-407,
560,1472,-386,569,1496,-347,578,1496,-347,586,1496,-347,539,1492,-345,528,1488,-345,518,1485,-345,597,1479,-135,506,1462,-132,584,1444,-311,543,1438,-309,698,1292,26,441,1276,-51,828,1167,-209,300,1130,-93,859,1344,-607,245,1318,-193,873,1402,-661,227,1367,-210,857,1414,-613,246,1382,-206,849,1396,-601,257,1361,-193,651,935,42,505,936,-42,644,627,-63,685,885,-596,628,340,123,579,632,-229,620,314,135,549,611,-181,662,193,-76,588,476,-288,
558,1466,-398,567,1493,-356,577,1493,-356,586,1494,-356,536,1488,-354,526,1485,-354,517,1481,-354,596,1477,-132,505,1461,-129,583,1440,-317,540,1435,-315,696,1296,35,441,1282,-50,848,1216,-195,264,1184,-96,856,1396,-580,234,1382,-171,864,1459,-638,227,1434,-203,843,1467,-584,246,1441,-174,838,1449,-579,254,1425,-165,649,936,62,505,940,-62,650,626,-96,676,794,-500,630,339,103,540,578,-44,621,314,116,514,569,7,663,192,-97,536,430,-78,
556,1463,-396,564,1490,-350,575,1491,-350,584,1491,-350,534,1485,-350,523,1483,-350,515,1480,-350,595,1475,-122,504,1460,-126,581,1437,-313,539,1432,-312,696,1302,41,439,1286,-46,869,1269,-175,237,1246,-126,855,1465,-480,232,1445,-239,843,1525,-542,228,1499,-288,825,1523,-482,247,1503,-257,823,1502,-470,255,1485,-234,649,936,79,505,943,-79,659,616,-78,660,735,-486,633,335,85,496,540,-47,622,301,90,467,538,-1,663,192,-148,466,398,-99,
550,1459,-462,560,1487,-408,570,1488,-408,580,1488,-408,530,1482,-411,521,1479,-411,513,1477,-411,591,1473,-145,501,1459,-156,576,1433,-368,535,1429,-371,690,1314,41,437,1290,-67,873,1325,-165,225,1284,-158,844,1523,-403,230,1496,-270,823,1580,-466,228,1552,-300,806,1579,-417,247,1555,-294,806,1557,-397,254,1537,-267,649,937,82,506,943,-82,658,616,-69,632,674,-413,636,333,141,459,513,77,623,300,150,433,513,124,664,190,-113,411,364,-8,
543,1456,-430,555,1485,-358,565,1486,-358,576,1486,-358,526,1480,-367,516,1478,-367,509,1476,-367,588,1472,-77,498,1459,-102,568,1430,-324,529,1427,-335,681,1322,75,435,1295,-19,874,1384,-64,225,1340,-135,827,1578,-245,230,1542,-209,810,1635,-307,229,1598,-274,793,1630,-261,247,1603,-225,792,1610,-240,253,1584,-202,648,937,73,506,943,-74,655,615,-75,591,632,-256,637,330,176,413,458,271,624,300,190,393,464,319,663,189,-79,371,322,178,
540,1457,-319,552,1485,-255,562,1486,-255,572,1486,-255,522,1480,-262,513,1478,-262,505,1476,-262,585,1471,9,493,1459,-16,564,1431,-226,524,1427,-235,673,1326,109,434,1301,45,860,1429,-14,236,1394,-69,810,1630,-171,229,1600,-155,799,1679,-239,229,1654,-235,782,1681,-212,247,1658,-188,781,1668,-175,251,1644,-155,646,935,52,505,936,-53,649,604,-116,542,602,-227,638,321,158,388,420,332,626,295,169,369,421,382,663,186,-98,352,281,224,
536,1457,-330,549,1485,-271,559,1486,-271,569,1486,-271,517,1480,-274,507,1478,-274,499,1476,-274,581,1471,-21,486,1459,-33,561,1431,-243,519,1427,-248,667,1326,36,432,1308,27,859,1469,-62,241,1437,-74,795,1671,-251,226,1659,-200,789,1723,-319,228,1705,-275,771,1728,-300,247,1711,-238,768,1709,-258,251,1697,-203,645,934,11,502,933,-12,642,598,-127,496,581,-133,641,316,185,367,376,382,628,295,202,352,371,424,661,185,-84,336,237,224,
535,1460,-338,546,1486,-278,556,1487,-277,566,1487,-278,514,1481,-283,502,1478,-283,493,1476,-283,576,1471,-19,482,1458,-44,559,1431,-249,517,1427,-255,660,1328,38,432,1311,9,812,1492,-71,248,1470,-176,785,1705,-235,228,1683,-307,781,1758,-307,228,1731,-408,764,1765,-306,247,1739,-375,760,1746,-252,251,1723,-317,641,932,15,497,932,-16,641,591,-90,467,574,-147,646,313,323,351,342,324,633,294,346,340,330,361,660,182,44,326,200,120,
523,1459,-394,536,1486,-334,547,1486,-333,557,1486,-334,505,1481,-334,494,1478,-334,486,1476,-334,570,1469,-82,478,1458,-80,548,1431,-307,508,1427,-307,655,1333,-65,431,1317,-64,773,1516,-215,257,1496,-268,773,1738,-339,230,1709,-435,774,1790,-442,230,1764,-541,757,1799,-471,249,1769,-516,751,1780,-381,253,1752,-449,634,932,2,487,933,-3,634,586,-66,442,573,-105,647,313,389,343,309,333,634,294,416,341,286,362,658,180,97,326,175,78,
520,1459,-529,534,1486,-478,544,1486,-478,554,1486,-478,502,1481,-478,492,1478,-478,483,1476,-478,568,1469,-251,476,1458,-248,544,1431,-447,505,1427,-447,652,1338,-239,429,1323,-217,748,1532,-407,286,1508,-412,759,1761,-553,236,1724,-565,761,1809,-640,233,1779,-653,743,1817,-658,251,1785,-641,738,1804,-581,256,1770,-581,624,933,-2,474,933,1,633,585,-49,425,568,-42,647,313,336,341,288,270,633,294,354,344,255,285,657,180,35,318,165,13,
516,1459,-547,530,1485,-493,540,1485,-493,551,1485,-493,497,1481,-493,485,1478,-493,477,1476,-493,565,1467,-256,469,1458,-251,539,1431,-462,498,1428,-461,644,1339,-256,426,1326,-213,728,1536,-461,316,1520,-411,749,1770,-622,244,1743,-580,748,1818,-717,236,1795,-676,733,1826,-733,254,1805,-673,729,1816,-649,260,1791,-603,618,933,-15,463,932,15,627,579,-50,409,560,-39,647,314,386,346,299,393,633,294,411,355,268,420,654,179,87,319,170,135,
505,1455,-524,520,1483,-472,531,1483,-472,541,1483,-473,488,1478,-472,478,1476,-472,471,1474,-471,557,1466,-233,463,1458,-224,528,1428,-437,490,1425,-434,632,1341,-226,424,1331,-191,702,1541,-421,328,1530,-381,736,1774,-575,255,1756,-542,742,1820,-669,244,1805,-638,731,1829,-684,261,1816,-637,726,1818,-601,268,1804,-565,601,933,-20,451,932,20,621,581,-50,400,563,-46,647,314,392,343,307,417,633,294,419,354,285,449,653,176,105,318,172,185,
496,1452,-612,509,1480,-564,521,1480,-564,533,1480,-564,479,1476,-565,471,1475,-565,463,1473,-565,550,1465,-313,453,1457,-313,516,1426,-517,481,1424,-517,620,1341,-287,413,1331,-285,684,1547,-475,337,1544,-500,722,1774,-635,264,1770,-656,731,1823,-732,254,1819,-753,724,1831,-750,266,1828,-758,719,1818,-664,273,1816,-682,590,933,-17,438,930,16,616,579,-8,395,562,5,647,304,445,338,293,459,631,284,472,352,265,487,653,170,144,315,169,196,
490,1449,-672,503,1478,-625,515,1478,-625,527,1478,-625,473,1474,-626,464,1473,-626,456,1472,-626,543,1463,-372,445,1456,-372,510,1423,-576,473,1421,-576,611,1340,-343,402,1329,-342,669,1547,-539,337,1543,-563,710,1766,-707,274,1772,-704,717,1813,-806,265,1821,-799,712,1821,-822,276,1829,-802,708,1808,-735,282,1816,-728,578,929,-16,427,927,16,611,576,14,393,565,48,644,304,469,342,298,491,627,284,496,357,266,518,652,168,160,317,174,218,
484,1448,-647,497,1477,-598,509,1478,-598,521,1478,-598,467,1474,-595,459,1473,-595,450,1471,-594,537,1463,-346,439,1456,-326,503,1422,-553,468,1419,-547,606,1339,-339,398,1328,-301,654,1548,-569,338,1548,-528,691,1761,-744,284,1778,-669,697,1814,-850,274,1827,-772,692,1822,-866,286,1834,-769,689,1806,-771,293,1820,-692,569,919,-18,416,920,18,607,569,27,384,558,88,643,303,492,343,299,548,627,280,520,362,270,575,651,169,172,314,172,271,
481,1446,-734,495,1475,-685,507,1476,-685,518,1476,-685,464,1473,-685,455,1472,-685,447,1470,-684,532,1460,-422,435,1455,-414,499,1418,-634,463,1416,-632,598,1339,-402,391,1329,-382,645,1549,-631,338,1556,-617,681,1760,-805,290,1784,-751,686,1814,-910,280,1830,-855,680,1822,-925,293,1838,-852,678,1805,-831,300,1825,-772,561,915,-17,410,916,16,602,570,71,379,557,118,642,303,541,341,287,554,627,281,568,362,252,576,651,169,214,313,167,254,
477,1442,-719,491,1473,-672,503,1474,-672,514,1474,-672,460,1470,-671,451,1470,-671,443,1468,-670,527,1459,-422,430,1454,-410,496,1416,-623,460,1413,-620,596,1338,-414,385,1329,-375,639,1547,-648,337,1561,-596,671,1753,-827,293,1785,-723,674,1811,-933,282,1832,-822,670,1819,-946,296,1839,-821,669,1800,-852,302,1826,-745,556,913,-15,404,913,15,594,571,89,378,557,126,641,314,566,342,286,562,627,292,596,363,252,587,651,172,268,315,164,273,
471,1441,-703,484,1472,-657,495,1472,-657,506,1472,-657,455,1469,-655,446,1468,-655,438,1467,-655,519,1456,-414,425,1452,-399,488,1415,-611,454,1412,-607,593,1338,-414,381,1328,-363,637,1547,-643,337,1563,-574,667,1754,-811,297,1782,-705,669,1811,-913,285,1831,-802,664,1818,-923,298,1838,-803,662,1800,-834,306,1823,-727,552,913,-24,400,914,24,589,570,62,377,559,128,640,304,516,343,281,511,627,281,525,364,247,531,651,171,148,314,162,230,
466,1441,-698,480,1471,-651,491,1471,-651,501,1471,-652,451,1468,-648,442,1467,-648,434,1466,-648,514,1455,-413,422,1451,-391,483,1414,-607,449,1412,-601,589,1337,-418,378,1329,-359,632,1548,-662,336,1561,-571,663,1756,-834,296,1784,-696,665,1812,-937,284,1831,-792,660,1819,-945,298,1837,-792,657,1800,-856,306,1823,-718,546,912,-25,396,914,24,588,568,65,374,558,125,638,297,479,345,278,500,626,274,495,365,245,518,652,171,143,312,161,214,
464,1439,-712,478,1469,-667,489,1470,-667,499,1469,-667,448,1467,-664,439,1466,-664,430,1464,-664,510,1453,-426,418,1449,-406,481,1412,-621,447,1410,-615,586,1337,-426,375,1328,-374,629,1546,-668,335,1557,-592,662,1755,-845,295,1779,-723,665,1811,-949,283,1826,-816,659,1818,-958,296,1834,-818,656,1800,-869,304,1819,-745,542,912,-25,393,914,24,586,568,67,375,560,121,637,295,458,347,277,481,626,273,468,365,243,504,652,171,118,313,158,195,
462,1437,-783,476,1467,-741,487,1467,-741,496,1467,-741,447,1464,-741,437,1463,-741,428,1462,-741,508,1450,-501,416,1447,-495,479,1410,-689,444,1407,-687,582,1337,-480,370,1328,-463,626,1547,-703,335,1554,-682,660,1755,-875,293,1775,-799,662,1811,-973,282,1822,-886,656,1817,-983,295,1830,-890,654,1800,-898,303,1815,-819,539,913,-18,388,914,17,584,569,78,374,560,107,637,295,455,348,277,471,626,274,470,366,245,496,652,171,135,315,157,182,
460,1436,-765,474,1466,-719,485,1466,-719,494,1466,-719,445,1463,-720,435,1462,-720,427,1461,-720,506,1449,-473,414,1447,-474,477,1409,-670,442,1406,-671,577,1336,-462,367,1328,-440,626,1544,-683,334,1553,-656,657,1753,-857,293,1772,-770,659,1809,-957,281,1820,-859,654,1816,-968,295,1827,-861,651,1798,-880,303,1811,-791,540,912,-16,389,913,15,585,569,74,374,561,102,637,297,452,348,279,467,626,274,470,366,249,491,654,172,140,316,159,175,
