596,1060,-1289,608,1081,-1264,614,1084,-1263,621,1086,-1263,586,1080,-1273,577,1081,-1274,569,1082,-1274,627,1103,-964,550,1096,-1004,608,1054,-1161,581,1053,-1173,695,1047,-745,469,1050,-775,849,1074,-1174,325,1081,-1314,720,1184,-1476,468,1172,-1656,679,1211,-1564,499,1197,-1761,670,1203,-1475,511,1189,-1653,676,1190,-1452,505,1176,-1629,680,709,8,519,709,-9,865,537,-361,340,550,-369,886,322,219,311,328,178,863,297,265,333,301,224,943,241,-17,260,257,-27,
603,1070,-1190,612,1091,-1154,617,1092,-1154,623,1094,-1154,592,1089,-1173,583,1090,-1173,573,1090,-1173,627,1105,-851,550,1100,-933,612,1061,-1064,589,1060,-1090,694,1048,-638,466,1050,-758,847,1075,-864,329,1074,-1318,720,1185,-951,468,1172,-1700,682,1211,-992,497,1197,-1809,671,1204,-920,508,1189,-1706,676,1190,-926,503,1176,-1674,677,712,9,518,711,-10,861,542,-375,340,550,-411,886,327,226,311,333,160,863,300,274,332,303,208,941,244,-8,264,257,-41,
606,1072,-1190,613,1093,-1156,618,1094,-1155,623,1096,-1156,594,1092,-1174,585,1092,-1174,575,1092,-1174,627,1105,-854,548,1102,-933,613,1062,-1065,592,1062,-1090,692,1048,-639,464,1050,-758,846,1075,-875,330,1071,-1326,720,1185,-974,468,1172,-1717,682,1211,-1018,496,1197,-1828,671,1204,-945,506,1189,-1724,676,1190,-949,502,1176,-1692,675,714,10,517,711,-11,859,543,-373,339,549,-407,885,329,255,310,336,174,863,302,306,331,305,225,940,246,26,265,257,-18,
606,1074,-1201,613,1094,-1165,618,1096,-1165,623,1097,-1165,594,1093,-1183,585,1093,-1183,575,1094,-1183,627,1106,-855,547,1103,-934,613,1062,-1073,592,1062,-1098,690,1048,-631,462,1050,-753,845,1075,-813,334,1070,-1322,719,1185,-842,469,1173,-1704,682,1211,-873,496,1198,-1812,671,1204,-803,507,1189,-1707,676,1190,-815,502,1175,-1677,674,714,10,516,711,-11,860,544,-383,338,549,-427,884,331,253,310,335,172,863,304,304,331,305,224,939,247,23,265,257,-19,
606,1074,-1184,614,1094,-1148,618,1096,-1148,624,1098,-1148,594,1093,-1166,585,1093,-1166,575,1094,-1166,627,1107,-839,546,1103,-919,614,1062,-1057,592,1062,-1082,690,1047,-614,462,1050,-742,845,1074,-800,335,1070,-1307,719,1184,-845,469,1173,-1689,682,1210,-877,496,1199,-1796,671,1204,-807,507,1189,-1691,676,1190,-819,502,1175,-1663,672,713,11,514,711,-12,859,544,-382,336,549,-427,883,331,250,310,335,167,862,304,300,331,304,219,939,248,20,265,257,-24,
609,1075,-1138,615,1096,-1101,620,1097,-1100,625,1099,-1100,597,1094,-1124,587,1094,-1124,576,1095,-1124,627,1107,-803,546,1103,-905,615,1063,-1015,594,1063,-1047,689,1047,-593,461,1050,-736,844,1072,-778,334,1068,-1292,719,1183,-836,469,1172,-1663,682,1210,-872,495,1199,-1770,670,1203,-804,505,1189,-1667,676,1188,-812,501,1174,-1637,672,713,12,514,711,-13,859,546,-380,335,549,-431,882,331,238,310,335,143,861,304,285,331,304,190,938,250,5,265,257,-54,
604,1074,-1170,610,1095,-1137,615,1097,-1136,619,1099,-1136,591,1093,-1153,582,1093,-1154,571,1093,-1154,621,1107,-839,544,1102,-913,611,1062,-1046,589,1062,-1069,686,1046,-623,458,1050,-738,844,1069,-863,331,1065,-1278,719,1182,-962,468,1172,-1623,682,1209,-1006,495,1199,-1726,670,1201,-932,504,1189,-1624,675,1187,-937,500,1174,-1598,671,713,12,513,711,-13,857,547,-379,334,550,-425,882,332,237,310,336,143,861,305,284,331,305,193,936,251,5,264,256,-42,
599,1074,-1183,606,1095,-1151,611,1097,-1151,616,1099,-1151,585,1092,-1165,575,1091,-1166,565,1091,-1166,618,1106,-842,540,1101,-917,607,1062,-1059,583,1062,-1079,685,1044,-631,457,1048,-738,844,1067,-866,330,1061,-1281,719,1181,-936,463,1170,-1646,682,1206,-972,490,1197,-1750,670,1199,-899,499,1187,-1656,675,1186,-909,495,1172,-1625,669,714,11,512,711,-12,855,549,-379,333,550,-421,881,333,223,310,337,147,860,305,268,331,306,194,935,251,-9,264,256,-43,
597,1069,-1229,604,1091,-1201,609,1092,-1200,615,1094,-1201,583,1087,-1213,573,1086,-1213,564,1086,-1213,616,1101,-906,538,1096,-959,606,1057,-1106,581,1057,-1123,683,1043,-689,453,1043,-772,843,1067,-944,327,1057,-1332,717,1179,-1042,460,1167,-1729,682,1203,-1080,487,1194,-1836,670,1196,-1008,496,1184,-1735,674,1182,-1015,492,1170,-1705,668,714,10,511,711,-11,855,549,-383,331,550,-418,881,333,220,309,338,149,860,306,267,330,306,196,934,251,-10,264,256,-38,
590,1062,-1273,598,1083,-1250,604,1086,-1249,609,1088,-1249,576,1079,-1256,566,1079,-1256,557,1079,-1256,613,1098,-958,534,1093,-986,600,1052,-1149,574,1052,-1158,681,1042,-720,449,1039,-775,840,1063,-968,326,1057,-1312,715,1174,-1080,455,1163,-1706,681,1198,-1124,482,1191,-1809,667,1192,-1053,492,1181,-1719,670,1178,-1054,487,1167,-1688,668,714,9,510,710,-10,855,549,-380,329,550,-401,880,333,217,309,338,164,860,305,263,330,306,211,934,251,-15,264,256,-23,
582,1056,-1256,591,1076,-1232,597,1079,-1231,603,1082,-1231,569,1072,-1240,560,1072,-1240,552,1073,-1240,608,1093,-948,532,1087,-978,593,1050,-1133,568,1049,-1145,677,1041,-726,447,1037,-772,836,1062,-1021,324,1056,-1292,708,1170,-1172,456,1162,-1618,676,1195,-1228,483,1189,-1713,662,1188,-1150,492,1179,-1613,665,1175,-1147,487,1166,-1594,668,714,7,509,709,-8,854,549,-381,329,550,-385,879,332,157,308,338,146,858,304,198,330,306,188,933,251,-78,262,256,-42,
572,1044,-1288,583,1066,-1270,590,1069,-1270,596,1072,-1270,560,1061,-1274,551,1062,-1274,544,1064,-1274,603,1087,-998,528,1080,-1010,586,1039,-1170,560,1038,-1175,674,1039,-773,445,1034,-786,836,1061,-1140,315,1052,-1284,704,1169,-1361,452,1158,-1572,671,1192,-1433,481,1185,-1664,658,1185,-1347,491,1176,-1559,661,1172,-1335,486,1163,-1545,667,713,2,509,708,-3,852,551,-403,329,551,-379,878,332,131,308,338,146,858,304,173,329,306,189,933,251,-105,261,256,-42,
557,1040,-1289,568,1062,-1272,576,1065,-1272,583,1068,-1272,546,1057,-1273,539,1058,-1274,532,1060,-1274,594,1085,-1002,521,1077,-1003,574,1036,-1171,547,1035,-1173,669,1038,-770,441,1032,-782,832,1061,-1159,311,1049,-1247,698,1167,-1409,449,1156,-1525,665,1189,-1489,478,1184,-1620,653,1183,-1403,488,1175,-1518,657,1170,-1384,482,1162,-1499,666,712,0,509,707,-1,852,551,-398,328,551,-368,877,332,144,307,337,147,857,305,186,329,306,191,932,251,-91,261,256,-42,
548,1038,-1339,561,1060,-1325,569,1063,-1324,577,1067,-1324,539,1055,-1325,532,1056,-1325,525,1058,-1325,588,1083,-1054,513,1076,-1051,565,1034,-1221,539,1033,-1221,664,1038,-812,435,1030,-803,828,1062,-1199,302,1042,-1235,685,1166,-1454,438,1151,-1491,653,1189,-1533,468,1180,-1582,641,1181,-1447,479,1171,-1486,646,1169,-1429,473,1158,-1467,664,712,-1,508,707,0,849,551,-407,327,551,-370,875,332,122,305,337,133,856,305,162,326,305,175,931,251,-128,259,256,-68,
540,1035,-1352,554,1058,-1336,563,1062,-1336,570,1065,-1336,530,1053,-1336,523,1054,-1337,515,1055,-1337,582,1080,-1061,505,1072,-1059,557,1032,-1233,530,1030,-1233,660,1037,-825,427,1026,-814,820,1064,-1249,282,1038,-1247,676,1166,-1531,425,1142,-1492,643,1188,-1615,458,1172,-1580,631,1181,-1524,471,1164,-1481,636,1168,-1505,465,1151,-1466,663,712,-2,505,705,1,849,551,-431,326,551,-403,874,332,105,303,337,116,855,305,146,325,305,159,931,251,-147,259,257,-88,
525,1037,-1324,539,1060,-1307,548,1063,-1306,556,1067,-1306,516,1055,-1307,509,1055,-1307,502,1056,-1307,569,1081,-1035,494,1072,-1042,543,1033,-1206,519,1031,-1207,651,1037,-802,421,1021,-806,812,1067,-1219,278,1027,-1238,669,1165,-1484,415,1137,-1512,634,1187,-1564,447,1167,-1606,622,1180,-1473,461,1160,-1506,629,1167,-1457,454,1146,-1488,661,710,-5,503,701,4,849,550,-425,322,551,-366,874,332,202,301,337,227,855,305,251,324,305,276,931,251,-33,258,257,41,
513,1032,-1343,525,1056,-1331,534,1060,-1331,542,1064,-1331,502,1051,-1325,496,1051,-1325,489,1052,-1325,557,1080,-1074,484,1069,-1042,531,1030,-1230,508,1027,-1221,642,1037,-832,416,1018,-805,803,1071,-1250,272,1019,-1241,658,1162,-1503,404,1131,-1503,622,1181,-1581,435,1162,-1594,609,1175,-1487,449,1155,-1491,617,1163,-1474,442,1141,-1477,659,710,-8,501,701,7,849,550,-433,320,555,-375,873,333,180,300,337,201,854,306,230,324,305,249,931,251,-62,258,257,11,
497,1030,-1327,506,1053,-1313,515,1057,-1312,523,1061,-1312,483,1047,-1309,476,1047,-1309,469,1048,-1309,537,1077,-1053,463,1065,-1027,514,1028,-1212,493,1025,-1209,630,1037,-811,406,1009,-781,786,1073,-1223,256,994,-1245,647,1159,-1487,377,1114,-1535,610,1180,-1564,409,1150,-1628,597,1173,-1467,420,1145,-1511,605,1161,-1456,417,1131,-1503,658,709,-9,500,696,8,847,550,-510,315,555,-421,873,332,81,299,337,150,854,304,127,324,304,198,931,251,-162,255,256,-27,
477,1016,-1321,482,1041,-1304,489,1045,-1303,496,1050,-1304,460,1034,-1301,454,1035,-1302,448,1035,-1302,513,1070,-1073,444,1055,-1013,496,1016,-1204,475,1012,-1196,616,1036,-821,392,998,-772,773,1075,-1198,248,977,-1213,630,1155,-1455,361,1105,-1500,587,1178,-1533,389,1142,-1589,575,1171,-1413,401,1137,-1478,583,1158,-1452,400,1123,-1469,655,708,-12,496,693,11,846,550,-492,313,557,-414,872,332,83,300,337,151,854,304,129,325,305,199,933,251,-146,254,256,-16,
457,1009,-1298,459,1032,-1304,465,1037,-1303,470,1042,-1303,440,1026,-1274,434,1026,-1274,428,1026,-1274,484,1064,-1081,426,1046,-973,476,1009,-1201,457,1005,-1168,598,1036,-814,383,984,-736,753,1076,-1088,240,967,-1153,614,1151,-1129,352,1095,-1436,570,1173,-1164,374,1135,-1517,557,1167,-1072,388,1130,-1407,565,1155,-1094,388,1115,-1406,652,708,-15,495,692,14,845,548,-483,310,556,-364,872,332,106,299,336,214,854,303,152,324,305,264,933,250,-137,252,256,66,
432,1006,-1306,433,1029,-1312,439,1035,-1311,444,1040,-1312,414,1021,-1278,408,1021,-1278,402,1021,-1278,458,1061,-1112,403,1040,-974,454,1006,-1216,435,1000,-1171,585,1034,-837,368,972,-742,737,1077,-1103,219,946,-1167,596,1149,-1154,337,1082,-1443,551,1170,-1189,357,1124,-1524,539,1163,-1099,369,1120,-1414,547,1151,-1117,368,1103,-1413,651,708,-20,495,691,19,845,548,-525,309,556,-345,871,332,76,297,336,229,854,300,125,323,305,279,933,250,-152,250,259,83,
415,987,-1282,415,1014,-1294,421,1020,-1293,427,1026,-1293,396,1006,-1256,389,1006,-1256,383,1006,-1256,441,1048,-1096,386,1026,-961,439,988,-1206,418,979,-1155,571,1031,-798,355,964,-724,722,1082,-769,220,931,-899,569,1144,-505,322,1067,-920,523,1163,-485,342,1110,-963,514,1155,-416,352,1104,-871,523,1143,-468,351,1085,-889,647,708,-20,493,692,19,845,547,-423,308,554,-271,871,330,131,297,336,282,853,298,178,324,306,333,933,250,-71,250,262,153,
391,984,-1143,390,1008,-1153,396,1014,-1153,401,1019,-1153,374,1001,-1118,370,1001,-1118,365,1001,-1118,414,1038,-1003,372,1018,-839,418,982,-1072,399,976,-1025,548,1027,-707,344,950,-614,693,1084,-663,219,905,-693,540,1143,-351,300,1040,-621,496,1160,-325,316,1081,-650,490,1152,-258,327,1077,-566,501,1140,-314,328,1060,-590,645,708,-30,493,690,29,845,547,-415,307,554,-263,871,330,111,298,336,255,853,297,155,324,306,303,933,247,-87,250,265,126,
378,977,-961,376,1004,-959,381,1009,-959,385,1015,-959,360,994,-937,356,994,-937,352,994,-938,393,1029,-787,358,1007,-684,405,976,-884,387,969,-856,520,1014,-523,331,933,-479,665,1088,-409,214,878,-410,513,1142,-36,281,1022,-151,472,1157,7,291,1063,-152,467,1149,69,300,1059,-81,478,1138,-1,302,1042,-120,643,708,-32,494,690,32,845,547,-342,308,554,-253,871,330,117,298,336,236,853,298,156,324,306,274,933,247,-64,247,267,93,
361,963,-733,355,988,-728,360,995,-728,364,1001,-728,342,978,-709,339,977,-709,335,976,-709,372,1016,-565,340,989,-472,387,964,-660,370,955,-635,503,1008,-342,317,915,-305,637,1087,-209,214,851,-322,487,1130,211,258,994,-160,442,1146,271,266,1031,-167,436,1139,331,275,1028,-84,447,1128,246,279,1012,-129,644,703,-34,496,686,34,847,543,-300,310,554,-263,870,329,120,299,336,107,850,298,158,325,306,140,933,246,-34,247,267,-2,
336,945,-547,330,969,-545,334,975,-544,338,982,-544,319,958,-518,317,956,-518,314,955,-518,349,1001,-409,321,968,-281,364,948,-486,349,938,-450,482,1001,-218,314,890,-129,617,1085,-89,217,817,-108,465,1119,339,242,954,52,421,1135,397,245,994,47,414,1129,456,254,993,125,423,1118,374,259,977,80,644,697,-42,502,681,41,861,540,-308,315,554,-257,869,329,94,300,335,19,848,298,131,325,306,46,934,246,-49,248,269,-89,
332,926,-534,322,950,-535,326,957,-534,329,963,-535,312,938,-505,310,937,-506,307,935,-506,339,984,-409,314,950,-272,359,930,-477,346,920,-438,470,993,-229,313,871,-110,605,1083,-159,216,787,-174,448,1115,213,234,928,-152,403,1128,255,236,970,-172,396,1120,321,249,969,-91,407,1110,250,254,953,-126,645,694,-47,506,677,47,866,536,-290,316,553,-219,869,328,98,300,335,4,849,297,135,325,306,25,936,246,-46,249,269,-113,
303,909,-474,294,931,-476,298,937,-476,302,944,-476,285,919,-441,283,917,-441,281,916,-441,316,967,-373,290,929,-204,334,913,-426,321,902,-378,458,983,-205,307,845,-56,592,1083,-129,216,751,38,426,1106,254,227,893,248,383,1117,296,223,939,253,376,1110,355,236,937,322,387,1100,288,244,919,274,645,694,-54,507,673,54,871,536,-336,319,552,-196,869,326,-28,299,335,8,848,295,3,324,306,29,938,246,-185,246,271,-105,
308,893,-440,296,915,-440,299,922,-440,302,929,-440,287,901,-410,284,899,-410,282,897,-410,309,950,-323,284,910,-176,332,900,-385,320,887,-344,444,973,-161,296,827,-6,582,1080,-107,218,729,112,415,1098,215,224,873,333,369,1107,245,218,920,344,360,1101,311,234,919,407,372,1091,249,244,903,357,645,691,-68,509,664,68,870,537,-342,319,552,-213,870,324,-23,298,333,-22,848,293,10,324,306,-3,939,244,-185,246,271,-140,
291,871,-277,280,896,-276,283,904,-275,286,911,-276,272,882,-240,270,879,-240,268,877,-240,298,932,-177,275,890,-4,319,880,-233,308,865,-184,435,962,-44,298,804,134,564,1074,0,220,693,273,397,1088,305,222,849,479,350,1092,332,215,898,487,344,1086,389,230,895,550,358,1078,334,241,879,504,645,688,-74,514,656,74,870,539,-350,323,551,-181,870,325,7,298,331,-6,848,293,43,323,304,10,940,245,-155,244,272,-130,
286,853,-392,273,878,-390,277,886,-389,280,894,-390,265,863,-361,263,861,-361,261,859,-361,292,915,-264,268,872,-118,314,863,-334,302,847,-293,428,951,-120,295,781,29,556,1067,-220,256,691,158,397,1075,-117,227,831,328,347,1076,-140,216,876,340,338,1072,-85,222,875,369,351,1067,-97,234,858,341,647,685,-76,522,648,77,875,537,-346,322,552,-120,870,322,11,298,331,-55,848,291,48,324,304,-54,940,245,-142,244,273,-201,
275,839,-418,263,862,-411,266,870,-411,269,878,-411,255,845,-381,252,842,-381,250,839,-381,283,900,-272,259,852,-116,306,849,-355,294,831,-311,426,939,-130,297,764,48,549,1062,-255,270,708,194,387,1061,-209,232,809,334,338,1062,-235,222,855,340,330,1058,-180,241,889,361,343,1053,-187,250,874,342,649,682,-85,528,643,86,876,538,-342,322,552,-112,869,323,22,298,330,-65,845,293,59,325,299,-67,940,245,-136,238,275,-231,
272,825,-432,259,845,-429,262,853,-429,264,862,-430,251,830,-397,249,827,-397,247,824,-397,276,886,-300,255,839,-139,302,837,-373,290,820,-327,419,934,-175,296,755,10,548,1056,-364,290,681,-9,377,1050,-417,236,782,-96,330,1050,-455,226,833,-127,321,1044,-399,263,844,-116,335,1039,-395,270,830,-99,649,681,-89,527,641,89,875,536,-296,320,552,-123,867,319,48,298,328,-91,842,290,81,326,298,-96,940,243,-109,238,275,-264,
272,815,-414,259,836,-409,262,843,-409,264,852,-410,252,822,-380,250,819,-380,248,818,-380,277,876,-273,258,835,-130,303,826,-354,291,811,-313,415,927,-159,296,748,2,541,1052,-406,290,653,-146,375,1044,-506,290,765,-421,327,1043,-550,227,813,-463,319,1036,-487,299,808,-428,332,1031,-482,304,795,-415,649,677,-87,528,635,88,875,536,-290,319,554,-104,867,319,55,299,328,-63,842,291,86,326,297,-64,940,243,-106,235,275,-227,
268,805,-389,256,826,-384,259,834,-384,261,842,-384,249,813,-351,247,811,-351,246,809,-351,276,869,-259,257,828,-98,301,817,-334,289,802,-288,414,923,-143,297,740,25,543,1050,-388,281,635,-99,379,1039,-406,282,802,-240,331,1033,-441,235,847,-272,322,1026,-376,278,852,-226,336,1022,-380,284,835,-228,649,674,-86,527,631,86,875,535,-298,317,554,-113,866,319,66,299,329,-90,841,291,100,325,297,-94,940,243,-81,235,274,-256,
267,802,-379,255,824,-375,258,832,-375,261,840,-376,248,809,-339,247,807,-339,246,805,-339,276,865,-263,257,824,-86,299,815,-329,287,799,-278,414,920,-150,296,736,56,537,1049,-334,279,641,54,379,1036,-352,244,785,39,332,1032,-357,220,834,23,324,1025,-292,255,861,61,336,1020,-321,262,844,50,648,673,-91,526,632,92,874,535,-307,314,556,-120,866,317,50,299,328,-98,840,290,85,325,295,-103,939,243,-83,234,277,-266,
270,801,-383,258,823,-381,261,830,-381,263,838,-381,251,810,-347,250,808,-347,248,806,-347,279,866,-265,260,827,-97,301,813,-331,289,799,-283,415,918,-152,297,739,32,536,1044,-351,275,666,-22,379,1035,-384,242,808,-48,333,1033,-415,220,838,-80,325,1026,-352,246,868,-56,336,1020,-359,254,850,-49,648,672,-90,526,633,90,874,535,-312,312,556,-120,866,317,47,299,327,-121,839,289,83,325,295,-130,939,243,-89,231,279,-296,
276,806,-402,264,829,-394,267,836,-394,270,844,-395,256,815,-365,254,813,-365,253,810,-365,285,872,-259,263,830,-112,305,816,-343,294,803,-301,418,918,-130,297,744,26,541,1041,-270,268,663,35,386,1038,-229,226,815,101,339,1038,-255,213,847,92,331,1030,-192,234,873,131,343,1024,-204,242,853,113,648,670,-88,526,632,88,874,535,-303,311,556,-118,865,317,45,299,327,-141,839,289,80,325,295,-150,939,244,-90,230,279,-308,
278,814,-385,267,836,-382,270,844,-382,273,852,-383,259,823,-345,256,821,-345,255,819,-345,288,878,-266,266,838,-86,308,824,-333,296,810,-282,422,922,-145,297,753,98,546,1042,-252,252,670,247,388,1038,-155,215,820,407,341,1040,-175,202,854,421,333,1032,-116,213,867,453,344,1025,-129,225,853,418,653,670,-100,527,632,101,874,534,-307,311,556,-123,865,317,17,299,327,-138,839,290,51,325,295,-146,938,246,-122,227,279,-305,
278,818,-376,268,837,-368,271,845,-368,274,854,-368,260,824,-334,258,822,-334,255,822,-334,289,881,-226,267,842,-63,309,828,-316,297,815,-270,424,924,-93,297,757,128,548,1043,-177,244,673,242,389,1041,-74,210,823,347,345,1043,-96,194,859,343,337,1035,-39,202,870,381,346,1029,-50,215,856,358,653,670,-98,527,632,98,873,533,-299,312,554,-125,865,317,20,299,325,-128,839,289,54,324,294,-133,938,247,-110,228,277,-292,
291,839,-399,279,860,-393,283,867,-393,286,874,-394,272,848,-359,269,846,-359,267,845,-359,296,895,-260,270,858,-95,319,850,-341,304,834,-294,431,928,-126,296,764,72,563,1044,-222,238,678,175,407,1042,-96,211,840,342,364,1046,-110,197,880,352,357,1036,-46,206,884,392,366,1029,-68,216,872,357,654,671,-96,527,633,97,873,533,-291,312,552,-121,866,317,23,299,323,-116,841,289,59,324,293,-119,938,247,-110,228,275,-277,
295,869,-353,282,886,-348,284,889,-348,287,892,-349,277,880,-319,275,879,-319,274,878,-319,297,905,-230,276,884,-86,319,873,-300,309,864,-260,438,938,-114,297,781,81,577,1045,-174,236,697,269,419,1044,-57,214,859,497,377,1050,-70,202,905,520,370,1040,-18,212,912,544,379,1032,-33,221,899,507,654,672,-99,531,637,100,873,532,-273,314,553,-121,866,317,24,298,322,-113,842,290,56,323,293,-115,937,247,-119,229,275,-264,
328,885,-485,317,906,-483,321,912,-483,326,919,-483,306,894,-460,302,892,-460,298,890,-460,332,936,-349,293,901,-234,349,892,-423,335,880,-392,453,955,-185,297,806,-32,599,1049,-183,229,714,245,435,1058,53,216,875,339,394,1067,67,204,923,360,386,1055,134,215,928,405,396,1046,86,224,914,358,658,674,-91,531,648,92,873,532,-250,319,553,-146,866,317,72,298,322,-172,842,290,105,323,293,-177,937,247,-60,234,274,-331,
356,928,-472,341,944,-466,343,947,-466,344,950,-466,334,940,-458,330,939,-458,327,939,-458,344,956,-332,319,939,-307,369,924,-410,360,917,-402,469,961,-187,301,825,-141,607,1050,-110,227,751,75,455,1079,172,228,897,395,411,1090,202,217,939,438,402,1076,247,231,944,467,410,1062,197,243,931,413,657,681,-79,530,659,79,867,534,-206,326,552,-147,866,317,66,298,322,-159,842,290,102,322,293,-163,937,248,-68,234,273,-314,
384,933,-697,374,953,-686,377,959,-686,380,965,-686,361,942,-679,354,940,-679,348,938,-679,379,978,-498,332,943,-457,398,934,-612,384,922,-603,487,975,-294,301,852,-257,622,1055,-240,223,778,-171,477,1094,-22,235,925,57,432,1109,29,230,970,72,422,1097,44,245,973,124,431,1085,-7,254,962,80,657,687,-67,525,667,67,867,535,-233,328,552,-196,866,318,65,296,322,-235,843,291,98,321,293,-242,936,251,-71,235,272,-404,
388,944,-677,380,967,-670,384,972,-670,388,977,-670,367,958,-655,361,957,-656,355,956,-656,389,991,-498,342,963,-422,404,943,-599,389,934,-579,499,985,-305,308,879,-209,636,1062,-290,225,817,-83,493,1100,-67,250,956,86,451,1124,24,245,996,140,438,1106,27,262,1000,215,447,1087,-41,271,987,104,657,689,-68,525,672,68,866,533,-246,331,551,-194,867,318,97,293,322,-188,845,291,133,319,293,-192,937,250,-56,235,271,-353,
397,961,-604,396,987,-594,401,993,-594,407,998,-594,379,976,-578,372,975,-578,365,974,-578,412,1015,-439,354,988,-333,413,961,-524,395,952,-501,519,1003,-221,310,905,-159,661,1073,-222,225,854,28,510,1119,-45,265,1012,275,469,1140,-28,262,1051,291,454,1127,23,278,1053,347,462,1113,-17,286,1040,296,657,693,-70,524,676,70,861,535,-315,332,551,-291,867,318,15,292,320,-221,847,291,46,315,291,-219,938,248,-171,234,269,-399,
407,976,-770,408,1002,-772,414,1007,-772,421,1013,-772,389,991,-745,382,990,-745,374,990,-745,433,1032,-619,366,1005,-485,426,975,-697,405,967,-660,540,1018,-385,317,932,-270,689,1088,-384,223,879,-155,532,1138,-153,288,1041,108,487,1157,-135,295,1082,118,473,1147,-72,309,1080,188,482,1135,-120,314,1066,135,656,698,-68,514,683,68,860,537,-381,332,550,-266,867,318,-46,290,320,-129,847,291,-14,314,293,-115,938,248,-230,236,268,-276,
430,992,-863,433,1019,-866,440,1025,-865,447,1030,-866,413,1009,-844,405,1007,-844,398,1007,-844,459,1049,-704,390,1023,-598,449,991,-786,427,982,-758,568,1027,-456,332,949,-387,719,1094,-458,216,911,-285,563,1151,-226,309,1063,35,519,1171,-206,321,1101,44,502,1159,-147,336,1098,124,511,1146,-195,339,1084,67,649,703,-51,504,685,51,857,537,-371,323,549,-278,868,319,-18,290,323,-20,851,293,1,314,294,4,938,248,-190,240,264,-147,
452,1015,-1046,456,1038,-1049,463,1043,-1048,469,1047,-1049,436,1030,-1029,429,1028,-1029,421,1027,-1029,477,1066,-864,409,1040,-767,468,1014,-959,446,1006,-933,577,1037,-576,344,970,-522,735,1101,-563,217,935,-422,581,1159,-373,324,1083,-116,534,1181,-358,339,1122,-114,516,1171,-307,353,1117,-37,523,1156,-346,354,1102,-83,645,705,-44,497,689,44,855,536,-362,316,549,-346,868,320,93,290,323,43,851,293,135,315,294,80,939,248,-88,241,258,-92,
471,1021,-1126,477,1044,-1123,485,1049,-1123,493,1053,-1123,453,1036,-1110,445,1035,-1110,437,1035,-1110,503,1073,-916,422,1048,-851,487,1018,-1031,463,1012,-1014,598,1042,-619,358,982,-627,754,1101,-628,233,961,-661,599,1168,-491,339,1101,-473,553,1188,-484,358,1137,-494,540,1180,-428,370,1132,-407,547,1168,-463,369,1117,-438,642,709,-25,491,694,25,849,537,-394,316,549,-388,869,324,79,291,323,108,851,295,118,318,297,155,938,247,-125,246,258,-39,
492,1031,-1235,499,1053,-1225,506,1057,-1225,514,1061,-1225,475,1046,-1216,466,1045,-1216,458,1045,-1216,524,1079,-982,442,1058,-934,507,1028,-1127,483,1023,-1114,610,1045,-733,372,995,-732,770,1102,-1067,251,986,-1102,619,1174,-1246,357,1120,-1256,576,1193,-1304,377,1154,-1328,564,1185,-1221,387,1147,-1227,569,1173,-1218,386,1132,-1225,642,712,-16,490,701,15,845,539,-504,316,549,-418,869,325,5,290,323,80,851,295,47,318,298,123,938,247,-238,248,257,-94,
504,1051,-1233,511,1073,-1219,519,1076,-1219,527,1078,-1219,490,1068,-1209,481,1068,-1209,474,1068,-1209,540,1092,-962,458,1080,-915,520,1045,-1121,498,1042,-1109,623,1047,-697,389,1013,-718,785,1099,-896,268,1005,-1223,638,1176,-913,374,1131,-1560,599,1193,-934,394,1166,-1647,588,1185,-850,404,1158,-1541,593,1173,-878,403,1143,-1530,643,714,-8,490,705,7,841,542,-448,316,546,-353,870,326,105,289,323,209,852,297,151,318,298,257,937,247,-151,247,255,36,
520,1066,-1230,530,1089,-1199,538,1091,-1199,546,1094,-1199,507,1087,-1198,498,1087,-1198,489,1087,-1198,559,1103,-893,472,1095,-885,535,1055,-1103,512,1053,-1103,632,1047,-632,400,1023,-685,795,1098,-859,281,1025,-1211,651,1179,-929,400,1146,-1570,614,1196,-964,422,1180,-1667,604,1187,-881,432,1170,-1562,609,1175,-897,430,1153,-1543,643,714,0,490,706,0,841,542,-482,317,546,-407,871,327,134,290,326,182,852,297,184,319,302,233,937,247,-110,249,253,-1,
533,1068,-1192,544,1093,-1165,552,1095,-1165,560,1097,-1165,521,1090,-1164,512,1090,-1164,502,1091,-1164,572,1106,-869,483,1099,-865,547,1057,-1069,524,1054,-1070,642,1045,-599,412,1030,-657,805,1090,-720,291,1035,-1151,668,1177,-751,404,1146,-1469,633,1196,-905,426,1180,-1552,623,1189,-747,436,1169,-1446,627,1175,-762,434,1153,-1440,646,714,2,492,707,-3,842,542,-447,317,547,-392,871,327,184,291,329,200,853,298,236,319,307,253,935,247,-35,251,253,28,
546,1064,-1180,558,1088,-1152,566,1089,-1152,573,1091,-1152,535,1086,-1153,527,1087,-1153,518,1088,-1153,584,1101,-858,500,1097,-861,559,1054,-1058,537,1053,-1060,655,1042,-596,421,1032,-657,816,1080,-732,297,1044,-1144,678,1175,-710,422,1151,-1440,643,1196,-738,446,1184,-1525,633,1188,-650,454,1173,-1419,636,1174,-680,451,1157,-1412,648,713,4,492,706,-5,843,542,-439,317,547,-401,871,327,167,293,331,183,854,298,218,319,309,234,935,248,-48,252,253,12,
555,1063,-1147,568,1086,-1118,576,1088,-1117,584,1089,-1118,546,1087,-1119,538,1088,-1120,529,1090,-1120,598,1098,-828,514,1101,-830,569,1051,-1024,546,1052,-1028,665,1040,-574,430,1036,-631,828,1067,-702,312,1051,-1137,691,1171,-663,432,1151,-1466,656,1192,-678,458,1182,-1554,647,1184,-597,465,1171,-1449,649,1170,-630,462,1156,-1439,648,712,7,492,704,-8,843,542,-405,317,547,-379,871,327,233,293,331,222,853,299,286,318,309,275,935,248,29,251,251,50,
572,1065,-1152,585,1088,-1120,593,1089,-1120,601,1091,-1120,564,1089,-1124,556,1091,-1124,547,1094,-1124,613,1099,-825,529,1104,-842,583,1052,-1030,562,1055,-1037,674,1039,-582,442,1034,-647,836,1057,-716,326,1048,-1161,709,1170,-684,445,1153,-1511,675,1189,-699,471,1184,-1606,664,1182,-622,480,1174,-1502,666,1168,-652,477,1158,-1485,650,712,7,492,704,-8,844,543,-397,318,549,-394,873,330,241,294,331,194,854,301,294,318,307,245,934,248,34,251,250,14,
593,1069,-1180,605,1091,-1142,612,1092,-1141,620,1094,-1141,584,1092,-1149,576,1094,-1150,567,1096,-1150,627,1101,-833,544,1106,-867,601,1055,-1055,581,1057,-1067,684,1036,-620,456,1036,-680,846,1048,-894,336,1059,-1198,724,1168,-1021,459,1158,-1545,692,1188,-1073,488,1185,-1648,681,1180,-997,497,1175,-1548,682,1167,-995,493,1160,-1520,653,710,5,493,704,-6,844,543,-418,320,550,-411,873,330,243,294,332,195,854,301,298,318,306,247,933,248,34,251,250,9,
608,1066,-1207,621,1088,-1170,628,1089,-1169,635,1091,-1169,600,1090,-1180,592,1092,-1180,584,1095,-1180,641,1100,-853,562,1108,-897,615,1053,-1078,596,1057,-1092,697,1033,-659,466,1041,-705,860,1037,-1129,349,1066,-1263,740,1160,-1481,474,1163,-1645,713,1186,-1576,507,1189,-1756,698,1180,-1488,517,1178,-1656,699,1167,-1458,512,1164,-1621,656,708,4,494,704,-5,844,542,-436,323,550,-419,873,330,219,294,333,182,853,301,272,318,306,233,933,248,6,251,250,-5,
630,1067,-1176,642,1087,-1152,648,1088,-1152,655,1089,-1152,622,1089,-1149,614,1092,-1149,606,1095,-1149,656,1098,-802,585,1109,-856,633,1054,-1075,614,1058,-1052,710,1029,-652,479,1044,-660,869,1031,-936,356,1075,-1154,759,1148,-1140,490,1162,-1486,731,1176,-1205,527,1189,-1586,716,1174,-1123,537,1179,-1485,718,1161,-1115,530,1165,-1461,659,706,7,497,704,-8,846,538,-356,326,546,-412,872,330,311,295,332,233,853,302,367,318,304,287,933,248,116,251,250,49,
645,1065,-1176,660,1085,-1139,667,1085,-1139,673,1087,-1139,639,1088,-1148,631,1091,-1148,623,1094,-1148,675,1097,-804,603,1108,-868,647,1052,-1053,628,1058,-1063,721,1020,-622,492,1053,-671,881,1016,-981,362,1086,-1202,771,1139,-1239,507,1166,-1542,744,1169,-1317,546,1192,-1645,730,1167,-1230,555,1181,-1542,731,1154,-1215,548,1165,-1516,658,704,13,497,704,-14,846,538,-372,326,543,-423,871,332,291,295,331,216,852,302,348,318,304,270,933,247,93,251,251,24,
660,1063,-1249,678,1084,-1212,684,1084,-1211,690,1084,-1212,658,1085,-1223,650,1088,-1224,643,1091,-1224,694,1094,-890,627,1108,-946,662,1050,-1120,643,1055,-1136,735,1013,-679,506,1056,-725,898,1000,-1054,375,1096,-1195,793,1130,-1298,524,1169,-1468,766,1160,-1375,563,1195,-1563,751,1159,-1289,574,1183,-1463,752,1147,-1274,565,1166,-1442,660,703,13,499,706,-14,846,538,-353,327,543,-445,872,332,278,297,332,203,852,301,330,321,305,257,933,246,66,251,252,17,
688,1060,-1086,707,1079,-1039,713,1078,-1038,719,1077,-1038,688,1084,-1054,681,1087,-1054,673,1089,-1054,721,1083,-709,655,1106,-781,687,1046,-956,669,1055,-979,753,1001,-513,526,1061,-595,912,974,-863,394,1107,-1148,813,1112,-1127,546,1169,-1416,793,1147,-1165,590,1194,-1504,778,1147,-1085,598,1182,-1405,777,1134,-1094,587,1166,-1390,660,701,16,500,708,-17,849,539,-377,327,545,-518,874,333,257,297,333,161,852,303,309,321,305,223,933,246,49,251,255,-34,
720,1040,-1089,737,1055,-1045,741,1054,-1045,746,1053,-1045,722,1063,-1087,715,1068,-1088,708,1074,-1088,745,1065,-718,687,1100,-865,715,1030,-960,697,1043,-1010,774,989,-537,549,1065,-647,929,936,-950,419,1117,-1127,844,1088,-1267,579,1178,-1372,823,1128,-1349,620,1201,-1460,807,1131,-1265,630,1189,-1356,805,1119,-1245,621,1173,-1344,664,699,19,504,709,-20,851,539,-349,328,546,-506,874,332,252,298,333,150,853,303,302,321,305,210,932,246,57,251,256,-36,
744,1030,-1041,762,1042,-1008,767,1041,-1007,771,1040,-1008,748,1052,-1025,741,1058,-1026,735,1064,-1026,771,1050,-710,716,1090,-790,738,1021,-919,721,1035,-944,794,973,-504,577,1065,-569,928,908,-864,440,1123,-975,867,1062,-1139,602,1175,-1195,854,1105,-1207,645,1199,-1281,833,1108,-1123,654,1186,-1181,828,1095,-1114,644,1170,-1169,668,698,21,510,710,-22,851,541,-313,328,546,-477,875,332,330,298,333,232,854,303,388,321,305,294,928,246,171,250,256,56,
771,1018,-1166,789,1028,-1124,793,1027,-1123,796,1025,-1124,776,1040,-1150,771,1046,-1150,765,1052,-1150,792,1033,-794,745,1077,-917,763,1008,-1034,747,1023,-1071,808,950,-534,600,1062,-702,935,880,-874,471,1131,-1156,892,1033,-1147,637,1175,-1402,887,1075,-1214,678,1197,-1482,865,1079,-1132,690,1184,-1376,859,1066,-1124,679,1169,-1372,668,697,39,512,710,-40,853,544,-290,328,548,-540,875,332,266,299,333,130,854,302,306,322,305,191,930,246,143,250,257,-21,
794,1001,-1082,813,1012,-1034,816,1010,-1033,819,1007,-1033,801,1023,-1064,796,1030,-1064,791,1036,-1064,812,1015,-703,770,1063,-854,783,990,-951,768,1008,-995,815,932,-479,624,1063,-669,942,851,-797,494,1133,-1130,903,1008,-1068,664,1173,-1381,900,1055,-1140,713,1196,-1467,879,1058,-1053,722,1183,-1371,871,1042,-1045,708,1168,-1355,668,697,46,514,711,-47,853,544,-223,327,547,-506,875,326,285,301,334,217,854,294,328,323,304,282,933,245,138,250,260,74,
811,965,-958,831,979,-911,834,979,-911,837,978,-911,822,989,-953,818,996,-954,815,1003,-954,828,990,-596,795,1037,-796,797,958,-832,786,974,-891,821,915,-384,646,1061,-634,940,819,-688,516,1130,-1085,920,974,-989,691,1168,-1276,918,1020,-1060,744,1183,-1355,898,1022,-979,752,1172,-1246,891,1003,-970,738,1160,-1245,668,697,57,515,711,-58,853,546,-258,325,547,-521,875,326,225,301,333,153,855,294,265,324,303,216,933,247,97,249,260,24,
822,940,-922,844,954,-877,847,954,-876,850,954,-877,837,964,-915,834,971,-915,831,978,-915,842,967,-563,816,1011,-745,808,935,-798,799,950,-852,827,891,-323,666,1056,-557,936,791,-442,538,1127,-847,930,943,-557,714,1152,-883,934,987,-594,765,1161,-935,915,990,-532,774,1152,-837,903,971,-539,759,1142,-852,667,695,60,516,710,-61,852,546,-240,320,547,-479,875,322,167,302,332,180,856,292,202,324,300,242,933,248,31,246,260,58,
843,906,-814,864,920,-770,866,921,-770,868,921,-770,858,929,-811,856,935,-811,853,942,-812,860,936,-475,839,973,-668,828,904,-697,821,917,-754,838,862,-234,689,1042,-476,933,759,-309,573,1128,-577,941,905,-428,740,1137,-393,950,947,-458,789,1142,-411,931,951,-405,800,1133,-326,919,934,-413,785,1125,-360,667,690,61,518,709,-62,852,550,-266,320,547,-484,874,323,57,302,330,64,853,292,86,324,297,113,933,248,-78,244,259,-71,
852,882,-727,871,896,-690,873,896,-689,875,897,-690,867,905,-730,866,912,-730,864,920,-730,870,916,-419,853,952,-608,837,882,-617,831,895,-674,842,839,-189,709,1030,-430,931,728,-278,598,1124,-573,948,877,-371,763,1124,-411,958,917,-388,808,1125,-419,938,927,-324,818,1113,-324,924,912,-349,805,1106,-372,664,686,64,518,705,-65,851,550,-291,320,545,-408,874,323,-76,304,326,106,851,292,-54,325,294,161,933,249,-209,243,259,-16,
867,870,-638,888,882,-595,890,882,-594,891,882,-595,883,893,-643,882,900,-644,880,907,-644,884,900,-314,870,940,-542,851,869,-527,846,882,-596,843,822,-101,726,1018,-402,892,703,-127,618,1122,-646,927,815,-208,785,1109,-635,940,864,-217,832,1108,-666,925,844,-178,840,1097,-576,916,833,-196,826,1090,-601,661,681,68,520,704,-68,851,550,-213,320,538,-389,874,322,59,304,326,195,851,292,89,325,295,252,933,249,-95,243,260,85,
870,851,-779,892,861,-744,895,860,-744,897,860,-744,888,872,-790,888,880,-790,887,888,-790,893,879,-463,880,921,-612,854,851,-663,849,866,-728,850,805,-222,742,1004,-491,874,683,-233,636,1121,-749,920,751,-322,801,1089,-832,932,772,-328,852,1086,-881,928,784,-303,857,1076,-787,918,778,-314,842,1070,-801,661,680,68,524,703,-69,851,553,-240,318,538,-384,874,322,6,304,325,192,851,291,33,325,290,242,936,248,-123,241,259,58,
880,821,-803,902,832,-774,904,832,-774,905,832,-774,899,842,-821,898,849,-822,898,856,-822,900,854,-508,889,890,-713,863,823,-693,859,836,-759,852,786,-275,754,983,-574,857,657,-358,652,1111,-884,913,665,-519,819,1070,-1046,921,667,-550,867,1068,-1097,918,681,-497,870,1058,-1027,907,680,-447,856,1053,-1021,660,676,66,523,699,-66,849,554,-154,314,536,-332,874,326,84,309,321,298,851,295,91,331,291,359,937,252,0,243,259,205,
881,813,-700,902,822,-672,904,821,-672,905,821,-672,900,832,-715,900,839,-715,899,847,-715,900,838,-431,890,877,-636,865,813,-600,862,828,-661,849,770,-237,760,966,-484,846,641,-290,666,1099,-712,908,692,-454,832,1057,-760,916,719,-472,876,1053,-787,910,719,-456,880,1044,-718,908,703,-446,867,1040,-733,657,667,64,523,694,-64,849,550,-112,313,537,-272,876,324,-22,308,320,237,861,294,-17,331,291,262,939,255,-135,243,259,140,
880,811,-774,902,816,-741,903,815,-740,905,814,-741,901,828,-778,901,836,-778,901,844,-778,902,829,-477,895,873,-643,864,813,-665,862,830,-718,850,762,-269,767,963,-499,827,626,-362,675,1094,-717,906,644,-599,841,1051,-966,916,655,-639,885,1043,-1019,916,665,-648,889,1033,-956,907,663,-611,876,1030,-946,653,664,67,522,691,-67,850,548,-115,313,537,-317,876,323,6,309,320,255,862,289,16,333,292,303,941,255,-127,245,259,141,
879,809,-680,901,809,-640,902,807,-640,903,805,-640,900,823,-680,900,831,-680,900,840,-680,902,819,-360,894,869,-547,863,811,-568,861,831,-623,847,756,-129,774,960,-389,798,611,-191,683,1088,-621,903,628,-476,850,1043,-759,918,619,-518,893,1034,-811,921,627,-534,897,1024,-751,910,645,-491,885,1020,-740,649,660,69,521,689,-69,852,549,-100,313,537,-322,876,323,-14,309,319,233,862,289,-8,332,292,284,941,254,-152,246,259,111,
883,796,-751,906,798,-713,908,795,-713,909,793,-713,905,812,-752,905,821,-753,905,830,-753,908,808,-435,901,863,-618,868,798,-638,865,819,-693,854,748,-209,776,955,-450,797,601,-225,688,1084,-723,893,622,-721,856,1035,-954,916,604,-780,899,1026,-1017,916,635,-785,903,1015,-958,907,619,-734,890,1011,-937,649,657,69,521,686,-69,854,549,-76,313,537,-311,876,323,18,309,319,260,861,289,36,332,288,312,942,254,-126,245,261,142,
888,791,-753,911,795,-719,912,793,-719,913,791,-719,910,808,-758,911,817,-758,911,827,-758,911,807,-451,905,859,-635,871,794,-644,869,815,-699,858,743,-233,772,949,-469,794,596,-302,685,1085,-743,874,583,-704,855,1030,-998,914,595,-758,898,1022,-1060,915,591,-764,902,1011,-999,901,594,-716,889,1007,-980,650,654,68,520,683,-68,856,549,-57,313,536,-301,877,323,31,309,318,271,862,290,43,333,288,323,942,254,-107,245,261,167,
884,799,-748,908,798,-714,909,795,-714,910,793,-714,908,813,-753,909,823,-753,909,833,-753,908,807,-446,903,861,-629,867,800,-639,866,823,-694,854,741,-230,775,950,-477,810,596,-335,689,1084,-757,878,618,-674,858,1027,-947,912,626,-726,901,1018,-998,916,641,-714,904,1007,-933,903,640,-679,890,1004,-924,648,652,69,518,682,-69,856,549,-63,313,534,-281,878,327,26,309,318,280,862,295,33,334,289,332,941,254,-108,245,261,176,
888,794,-680,912,794,-646,913,792,-645,914,789,-646,912,811,-683,912,822,-683,912,833,-683,910,804,-387,905,861,-564,869,795,-575,867,820,-627,854,738,-183,774,948,-424,820,589,-295,687,1085,-691,907,655,-538,854,1026,-824,943,647,-566,898,1018,-863,952,664,-541,901,1008,-788,937,662,-533,887,1004,-797,647,647,69,517,676,-69,856,549,-81,313,533,-293,878,330,-26,308,318,256,862,299,-22,334,289,302,938,254,-145,245,261,151,
887,789,-561,910,793,-529,911,791,-528,912,789,-529,909,808,-573,909,819,-573,909,830,-574,908,807,-290,902,861,-500,868,793,-464,865,816,-527,853,744,-72,771,947,-372,832,599,59,683,1085,-530,917,669,96,852,1030,-522,937,670,116,898,1022,-547,945,684,128,900,1011,-480,932,681,105,886,1006,-496,647,645,71,515,673,-71,861,554,-107,313,532,-279,878,330,-108,308,318,260,862,300,-107,334,288,309,939,254,-233,245,261,172,
887,793,-588,910,797,-553,911,795,-553,912,793,-553,909,812,-595,909,822,-596,908,834,-596,908,810,-308,901,864,-507,867,797,-490,864,819,-549,853,746,-127,766,947,-392,809,611,-123,680,1085,-599,866,595,-306,848,1033,-905,880,584,-327,894,1023,-975,894,598,-331,896,1012,-907,883,602,-312,882,1008,-885,646,647,71,513,674,-71,863,558,-104,313,532,-284,879,331,-69,308,318,259,862,301,-67,334,288,304,939,254,-202,247,260,157,
884,799,-647,907,801,-606,908,799,-606,909,797,-606,906,817,-650,905,827,-650,905,838,-650,906,814,-339,899,868,-534,865,802,-539,862,823,-600,854,750,-186,764,950,-427,812,614,-269,676,1087,-763,853,620,-534,844,1035,-1000,863,619,-566,889,1027,-1064,874,635,-566,891,1016,-988,864,636,-539,878,1012,-976,645,649,70,511,675,-70,863,558,-79,312,532,-273,879,331,-56,308,318,255,862,301,-53,334,288,302,939,255,-191,247,260,153,
884,802,-669,906,801,-631,908,800,-631,909,798,-631,905,821,-674,904,832,-674,904,843,-674,905,814,-398,897,869,-545,864,807,-559,862,828,-620,857,752,-222,763,951,-432,832,637,-234,671,1087,-677,859,701,-272,836,1042,-733,864,722,-270,887,1031,-762,869,743,-242,888,1018,-683,862,736,-258,875,1016,-703,647,649,69,511,676,-69,863,557,-91,313,534,-268,879,331,-38,308,318,204,861,301,-32,335,290,246,939,255,-157,250,259,102,
883,812,-654,905,816,-624,905,815,-624,906,814,-624,904,833,-667,904,844,-667,903,854,-667,902,828,-399,896,877,-549,861,817,-559,860,836,-618,856,754,-229,754,953,-451,819,641,-261,656,1090,-729,821,696,-405,818,1057,-876,818,712,-418,869,1048,-925,824,728,-405,874,1037,-844,820,723,-399,860,1034,-847,647,650,69,511,676,-69,863,557,-128,313,536,-277,879,331,-68,308,318,211,861,301,-64,338,291,256,939,255,-194,254,259,107,
881,836,-663,900,846,-635,901,845,-634,901,845,-635,899,860,-675,898,869,-675,897,877,-675,895,862,-411,888,896,-558,856,841,-568,855,857,-625,856,757,-249,740,962,-450,807,656,-235,636,1097,-661,785,733,-284,800,1070,-711,773,753,-288,849,1063,-744,781,775,-269,852,1054,-664,781,767,-274,838,1049,-681,647,650,65,508,676,-65,861,557,-153,313,539,-267,879,331,-68,308,318,204,861,300,-62,339,291,247,939,255,-194,254,260,92,
876,858,-759,893,870,-738,893,870,-738,894,869,-738,890,879,-775,888,886,-775,885,893,-775,888,885,-522,873,917,-691,853,857,-668,850,872,-719,855,773,-321,722,976,-542,802,668,-217,611,1102,-833,791,702,-220,779,1084,-1028,787,700,-206,828,1078,-1079,793,715,-212,833,1071,-1005,789,715,-219,820,1065,-1003,649,654,63,506,679,-63,860,559,-137,313,540,-273,879,331,11,309,319,208,861,301,21,339,293,249,938,257,-118,254,259,99,
856,869,-753,873,882,-731,874,883,-731,875,884,-731,869,889,-767,867,895,-768,864,901,-768,870,902,-520,852,926,-690,838,868,-665,832,878,-716,851,805,-313,703,986,-524,870,747,-82,587,1103,-563,899,879,228,748,1097,-377,901,915,275,804,1093,-377,872,949,297,813,1086,-311,869,932,244,800,1081,-349,650,666,63,506,686,-63,848,560,-61,309,540,-277,879,332,152,309,320,171,861,301,171,338,294,215,938,259,62,254,261,65,
831,898,-786,854,906,-774,856,904,-774,858,902,-774,848,919,-792,845,927,-792,843,933,-792,858,915,-572,835,954,-667,819,892,-698,809,908,-724,850,816,-346,693,998,-465,864,757,-148,570,1106,-470,887,878,-24,717,1111,-373,898,913,10,779,1111,-376,870,928,46,790,1104,-313,866,913,-3,777,1099,-348,652,671,46,506,690,-46,842,559,-170,309,540,-261,879,329,8,310,320,178,861,295,28,338,295,221,940,259,-77,254,261,77,
829,913,-863,847,926,-844,849,925,-844,850,924,-844,843,935,-873,840,941,-874,837,946,-874,847,939,-630,824,968,-768,815,907,-772,806,919,-813,843,843,-383,674,1008,-568,898,783,-173,544,1109,-583,904,919,100,695,1122,-482,907,953,149,758,1126,-488,882,960,181,770,1116,-425,882,958,121,757,1108,-455,653,679,47,510,699,-47,837,562,-150,308,541,-262,879,329,143,311,320,180,861,295,168,339,295,222,940,261,34,253,262,39,
825,940,-847,840,955,-818,840,955,-818,841,954,-818,835,962,-850,832,967,-851,829,971,-851,833,967,-583,810,992,-736,809,931,-750,800,941,-796,836,864,-344,655,1017,-550,904,810,-96,524,1110,-549,896,950,247,681,1132,-381,897,989,295,735,1140,-387,881,997,325,747,1132,-330,880,984,267,737,1124,-357,656,685,48,511,701,-48,835,561,-205,307,541,-259,880,329,122,312,323,218,862,296,152,339,295,260,941,261,-6,251,265,51,
808,964,-844,823,981,-811,824,980,-811,825,979,-811,816,989,-838,813,994,-838,809,998,-839,818,990,-560,788,1017,-724,794,954,-741,783,966,-779,826,883,-334,636,1026,-500,902,823,-103,502,1116,-480,891,973,149,662,1146,-299,893,1011,180,710,1157,-303,878,1014,220,724,1148,-233,878,1002,171,715,1137,-270,656,689,49,508,703,-50,832,561,-346,307,541,-285,879,330,-23,311,325,209,861,298,6,338,296,252,941,264,-193,251,266,24,
780,987,-893,798,1003,-868,801,1000,-868,804,997,-868,787,1015,-881,783,1020,-881,778,1026,-881,801,1004,-622,760,1044,-703,772,974,-791,755,990,-811,814,899,-381,615,1037,-476,895,852,-246,475,1118,-543,890,1010,29,632,1163,-470,891,1049,46,679,1177,-486,873,1048,81,694,1165,-414,866,1037,39,684,1154,-443,657,692,42,508,707,-42,833,560,-342,308,543,-287,879,329,-5,311,331,197,859,297,20,338,300,239,939,265,-160,252,267,19,
761,1007,-866,777,1025,-838,780,1023,-838,784,1021,-838,764,1034,-854,758,1038,-855,752,1043,-855,782,1028,-587,732,1061,-660,755,994,-762,738,1007,-786,808,923,-352,598,1042,-457,892,868,-272,456,1117,-612,876,1026,-130,612,1171,-645,870,1064,-121,654,1188,-678,853,1064,-60,665,1178,-590,847,1051,-103,658,1167,-616,658,697,40,508,707,-40,833,560,-399,308,545,-339,879,330,-15,311,334,179,857,297,17,337,304,225,939,265,-176,251,267,8,
729,1031,-1092,746,1047,-1070,752,1045,-1069,758,1042,-1070,728,1056,-1071,721,1061,-1072,714,1066,-1072,763,1048,-792,697,1083,-800,730,1015,-975,709,1028,-979,805,943,-527,573,1048,-556,891,896,-569,434,1116,-838,847,1040,-509,583,1178,-1019,840,1077,-516,627,1193,-1071,825,1077,-456,639,1186,-982,819,1063,-482,631,1175,-992,661,698,31,508,708,-31,835,560,-481,307,546,-399,879,329,-8,311,334,183,857,298,40,336,304,228,939,265,-168,251,267,5,
707,1056,-1145,724,1075,-1111,730,1074,-1110,736,1072,-1110,705,1083,-1117,698,1087,-1118,691,1092,-1118,743,1075,-806,676,1104,-835,711,1041,-1022,690,1050,-1031,791,972,-581,561,1059,-622,874,926,-859,420,1116,-1034,822,1075,-1043,564,1185,-1303,809,1113,-1102,607,1202,-1385,801,1111,-1034,618,1196,-1292,799,1096,-1023,609,1185,-1280,662,701,24,509,708,-26,835,560,-441,308,552,-473,879,333,139,312,334,176,859,300,191,336,304,229,938,267,-63,251,267,-23,
678,1079,-1090,693,1099,-1055,699,1098,-1055,706,1097,-1055,676,1105,-1058,670,1109,-1058,663,1112,-1058,716,1098,-775,647,1122,-788,683,1063,-978,664,1069,-982,769,998,-598,538,1067,-601,874,963,-972,391,1119,-999,804,1108,-1206,532,1195,-1225,784,1142,-1287,578,1215,-1314,775,1137,-1208,589,1206,-1216,775,1123,-1186,580,1192,-1202,662,710,16,509,714,-18,836,560,-378,310,556,-422,879,338,304,312,339,275,862,309,358,336,307,331,938,268,112,251,267,63,
656,1107,-939,672,1127,-889,679,1125,-889,686,1124,-889,652,1131,-881,645,1133,-882,638,1135,-881,698,1116,-619,627,1137,-599,663,1086,-843,641,1092,-829,749,1010,-505,523,1068,-456,874,990,-743,371,1119,-859,786,1128,-806,511,1200,-1037,759,1159,-862,551,1222,-1119,749,1150,-783,562,1214,-1021,753,1135,-782,555,1199,-1013,661,715,14,510,716,-15,840,560,-363,316,558,-400,880,343,339,312,340,262,862,312,393,335,310,314,938,268,153,252,267,58,
639,1118,-829,654,1139,-784,660,1138,-784,666,1138,-784,633,1141,-779,626,1142,-779,619,1144,-779,675,1129,-531,606,1143,-509,645,1098,-737,623,1100,-730,734,1027,-446,510,1067,-379,871,1029,-653,359,1113,-785,758,1158,-639,488,1200,-950,727,1186,-679,525,1224,-1022,718,1174,-604,534,1216,-927,723,1158,-614,530,1202,-926,665,718,8,512,719,-9,841,559,-308,318,560,-304,880,343,390,311,341,317,862,313,446,334,313,368,937,268,209,253,267,113,
627,1132,-768,639,1154,-723,646,1154,-723,653,1154,-723,618,1156,-720,610,1157,-720,603,1158,-720,661,1148,-469,589,1154,-453,635,1109,-675,610,1113,-671,722,1045,-367,497,1072,-312,864,1050,-604,351,1106,-657,745,1166,-488,471,1196,-809,711,1196,-521,503,1220,-884,701,1184,-438,512,1212,-784,705,1168,-457,508,1197,-786,665,722,4,512,726,-4,841,559,-326,321,559,-304,881,344,295,311,343,285,862,314,347,335,314,335,937,267,113,256,269,93,
608,1140,-754,621,1163,-703,629,1162,-702,636,1162,-702,598,1164,-701,590,1165,-701,582,1165,-701,645,1155,-435,569,1159,-423,620,1117,-658,592,1121,-655,711,1049,-343,480,1071,-298,851,1070,-591,331,1097,-699,724,1180,-544,452,1194,-906,687,1208,-590,484,1219,-995,678,1193,-497,493,1212,-890,681,1176,-511,490,1197,-882,665,726,2,510,728,-3,841,560,-384,322,559,-329,882,344,264,311,343,260,862,314,317,335,314,307,938,266,74,256,269,42,
597,1146,-736,609,1169,-689,616,1169,-689,623,1169,-689,585,1169,-685,576,1170,-685,568,1170,-685,631,1162,-430,554,1163,-408,611,1122,-642,581,1125,-637,704,1059,-322,470,1075,-271,844,1086,-503,322,1090,-633,714,1186,-388,437,1193,-796,674,1211,-408,472,1218,-868,665,1197,-323,481,1210,-765,670,1181,-353,478,1195,-770,665,731,-1,509,731,0,840,562,-426,323,558,-329,881,347,262,311,344,256,861,315,293,335,315,304,940,266,39,257,269,42,
588,1149,-744,598,1173,-694,605,1173,-693,612,1174,-693,574,1171,-692,564,1171,-693,556,1170,-693,618,1166,-422,542,1161,-412,604,1125,-645,573,1127,-643,696,1067,-334,464,1072,-301,841,1097,-658,318,1080,-757,703,1191,-743,428,1190,-1047,663,1215,-803,462,1215,-1143,654,1201,-712,472,1207,-1044,660,1185,-713,469,1192,-1025,666,729,-3,509,730,2,843,562,-464,325,558,-389,882,349,244,310,344,213,861,317,295,335,315,264,941,266,39,257,269,9,
585,1147,-708,592,1171,-651,598,1172,-651,604,1173,-651,569,1170,-652,560,1169,-652,551,1168,-652,609,1167,-369,536,1162,-368,600,1124,-606,570,1125,-607,690,1069,-306,458,1071,-279,838,1107,-720,311,1067,-795,694,1197,-913,425,1189,-1129,650,1221,-993,456,1212,-1234,641,1206,-898,465,1204,-1138,650,1189,-885,462,1190,-1108,666,728,-5,509,730,4,844,562,-496,326,558,-429,881,349,199,310,343,150,862,317,257,334,315,198,941,266,-13,257,267,-58,
572,1146,-755,581,1171,-707,588,1172,-706,595,1172,-707,556,1168,-708,546,1167,-708,538,1166,-708,602,1166,-435,524,1160,-427,589,1122,-655,558,1122,-657,684,1071,-347,454,1069,-321,832,1112,-829,305,1062,-873,685,1195,-1072,418,1182,-1255,642,1220,-1159,448,1212,-1367,633,1205,-1068,461,1204,-1274,642,1188,-1045,459,1188,-1234,666,728,-11,509,729,10,844,565,-547,326,558,-430,881,354,174,309,345,155,861,323,235,332,315,203,940,268,-41,257,267,-51,
574,1151,-684,582,1175,-627,589,1175,-627,595,1175,-627,556,1174,-627,546,1172,-627,536,1171,-627,600,1166,-354,521,1160,-344,591,1124,-587,558,1125,-585,680,1068,-300,451,1068,-264,832,1113,-725,303,1058,-822,682,1199,-910,419,1177,-1103,642,1221,-989,447,1210,-1202,632,1208,-899,459,1202,-1110,641,1191,-882,456,1186,-1081,666,727,-12,508,729,11,844,566,-529,326,558,-418,881,355,166,309,347,157,862,325,225,331,318,205,939,268,-45,259,267,-42,
569,1146,-730,578,1170,-678,585,1171,-677,592,1171,-677,551,1168,-678,541,1167,-678,531,1166,-678,598,1163,-404,516,1157,-399,586,1120,-631,553,1120,-631,678,1067,-321,447,1064,-297,831,1109,-724,299,1051,-810,680,1196,-872,413,1170,-1110,641,1217,-941,442,1203,-1210,632,1204,-849,454,1196,-1116,641,1188,-841,450,1181,-1088,666,727,-12,506,728,11,844,566,-515,326,558,-425,881,354,173,308,349,162,862,325,229,330,320,212,938,269,-31,261,267,-30,
565,1143,-781,576,1167,-725,584,1168,-725,591,1168,-725,548,1166,-726,538,1165,-726,528,1164,-726,599,1160,-436,514,1155,-432,582,1118,-678,548,1117,-679,678,1065,-366,446,1063,-340,832,1110,-782,298,1051,-871,680,1195,-944,414,1166,-1174,641,1218,-1015,441,1199,-1273,633,1204,-917,454,1191,-1173,641,1187,-912,450,1175,-1150,666,726,-11,505,728,10,844,567,-544,326,558,-444,881,354,145,308,351,136,863,324,203,330,322,185,938,269,-64,264,267,-57,
578,1144,-855,588,1166,-794,594,1166,-794,600,1166,-794,563,1166,-803,553,1165,-803,542,1164,-803,602,1159,-485,520,1155,-522,591,1120,-742,561,1119,-753,679,1067,-422,445,1064,-437,833,1108,-955,296,1050,-1057,683,1193,-1274,418,1165,-1436,644,1216,-1374,448,1197,-1549,635,1203,-1267,459,1189,-1448,644,1186,-1244,454,1174,-1412,667,726,-10,505,727,9,844,569,-515,326,558,-431,881,354,151,308,352,136,863,325,206,330,324,183,937,269,-73,265,268,-69,
582,1141,-921,591,1163,-863,597,1163,-862,602,1163,-862,567,1163,-873,556,1163,-873,545,1162,-873,605,1158,-546,521,1154,-590,593,1117,-804,565,1117,-817,679,1066,-450,447,1064,-470,834,1106,-925,301,1051,-1048,683,1193,-1183,424,1165,-1390,644,1215,-1268,454,1197,-1497,635,1202,-1162,463,1189,-1387,643,1186,-1151,459,1174,-1362,667,726,-10,505,727,9,846,569,-505,326,558,-429,882,354,166,308,353,147,863,324,225,329,325,193,937,270,-66,266,268,-53,
586,1139,-959,595,1161,-901,601,1161,-901,607,1161,-901,571,1161,-913,561,1161,-913,550,1160,-913,609,1156,-582,525,1153,-632,596,1115,-840,569,1116,-856,680,1065,-479,449,1064,-503,835,1104,-967,303,1052,-1096,683,1191,-1245,427,1167,-1455,644,1213,-1334,456,1199,-1566,635,1199,-1228,465,1190,-1454,642,1183,-1214,461,1175,-1427,667,725,-9,505,726,8,847,569,-499,327,559,-433,882,354,201,308,353,160,863,324,261,329,325,212,938,270,-19,266,268,-36,
588,1137,-907,597,1160,-850,603,1160,-850,609,1160,-850,573,1160,-859,562,1160,-860,552,1160,-860,611,1156,-545,529,1154,-584,598,1115,-793,570,1115,-805,682,1064,-449,452,1064,-469,835,1101,-937,306,1053,-1047,686,1190,-1249,429,1170,-1402,648,1212,-1344,459,1201,-1512,639,1199,-1239,468,1192,-1408,646,1183,-1220,464,1177,-1376,667,725,-9,506,726,8,847,569,-512,327,560,-434,882,354,199,308,354,161,863,324,257,329,325,213,938,271,-20,266,269,-35,
588,1137,-983,597,1159,-930,603,1159,-929,609,1159,-929,574,1160,-936,564,1160,-936,554,1160,-936,613,1155,-623,530,1153,-646,599,1114,-868,572,1115,-876,683,1063,-516,453,1064,-519,835,1101,-1014,307,1054,-1115,688,1191,-1303,431,1170,-1502,650,1213,-1396,461,1202,-1618,641,1200,-1294,470,1192,-1512,648,1184,-1273,466,1177,-1476,668,725,-8,506,726,7,848,569,-507,328,560,-423,882,354,221,308,353,200,864,325,282,329,325,253,938,272,3,267,269,2,
587,1137,-930,596,1159,-876,602,1159,-876,608,1159,-876,573,1159,-884,563,1159,-884,553,1159,-884,614,1155,-577,531,1153,-613,598,1114,-818,572,1114,-827,684,1062,-476,454,1065,-487,836,1100,-927,308,1061,-1036,689,1191,-1213,431,1174,-1406,651,1213,-1326,462,1203,-1517,643,1199,-1269,471,1192,-1435,649,1184,-1199,467,1177,-1387,668,725,-8,507,726,7,848,569,-497,328,560,-412,882,355,238,308,353,212,864,325,298,329,325,266,937,273,28,267,269,19,
588,1137,-859,597,1159,-801,603,1159,-801,609,1159,-801,574,1160,-807,564,1160,-808,554,1159,-807,614,1155,-502,532,1154,-529,599,1114,-750,573,1115,-758,685,1062,-420,454,1067,-431,836,1100,-907,309,1063,-1011,691,1191,-1144,432,1177,-1326,652,1212,-1232,462,1205,-1431,643,1199,-1144,471,1194,-1328,650,1183,-1118,467,1179,-1300,668,725,-8,507,726,7,848,569,-496,328,561,-415,882,355,228,308,353,197,864,325,287,329,325,249,937,274,19,267,269,3,
592,1142,-777,599,1165,-713,605,1165,-713,611,1164,-713,578,1166,-721,569,1165,-721,559,1165,-721,616,1158,-410,533,1157,-440,602,1119,-668,578,1119,-678,685,1062,-346,455,1068,-365,837,1099,-868,310,1065,-950,697,1191,-1160,434,1179,-1285,657,1214,-1254,463,1206,-1393,648,1200,-1151,472,1195,-1293,655,1184,-1131,468,1180,-1261,668,725,-8,507,726,7,848,570,-546,329,561,-464,882,355,147,308,354,126,864,325,204,329,325,175,937,275,-71,267,269,-78,
597,1144,-773,603,1167,-710,609,1166,-710,615,1166,-710,583,1168,-718,575,1168,-718,565,1167,-718,619,1160,-406,537,1158,-438,606,1121,-664,584,1121,-674,687,1061,-338,456,1069,-361,839,1099,-863,310,1069,-945,703,1191,-1179,436,1180,-1284,664,1215,-1274,465,1206,-1392,656,1202,-1168,473,1195,-1291,662,1186,-1150,470,1180,-1259,668,726,-8,507,726,7,848,572,-540,330,561,-465,882,355,150,308,354,126,864,325,206,329,326,176,937,275,-68,267,270,-75,
602,1147,-727,608,1170,-661,615,1169,-661,621,1169,-661,589,1172,-670,581,1172,-670,572,1172,-670,625,1161,-355,542,1161,-391,611,1124,-618,589,1124,-629,690,1061,-292,459,1070,-324,842,1098,-812,312,1069,-898,709,1192,-1154,438,1180,-1227,668,1215,-1246,467,1207,-1332,662,1203,-1140,475,1195,-1231,668,1187,-1124,472,1181,-1202,669,726,-7,507,726,6,848,573,-556,330,561,-482,883,355,132,308,355,106,864,325,189,329,326,155,937,275,-83,267,270,-97,
603,1150,-689,610,1173,-623,617,1172,-622,623,1172,-622,590,1176,-629,582,1176,-629,574,1176,-629,629,1163,-322,544,1163,-345,613,1125,-583,590,1127,-590,694,1061,-264,462,1070,-286,843,1098,-770,315,1070,-842,719,1191,-1132,439,1180,-1175,679,1216,-1242,468,1207,-1281,673,1204,-1139,476,1196,-1186,678,1188,-1106,472,1181,-1152,669,726,-7,508,726,6,850,573,-554,330,561,-470,883,355,145,308,355,122,864,325,203,329,326,172,937,276,-67,267,271,-79,
604,1152,-789,612,1175,-720,618,1174,-720,625,1173,-720,591,1177,-725,583,1178,-725,575,1177,-725,632,1164,-405,545,1165,-425,614,1127,-680,592,1129,-687,697,1061,-351,464,1070,-372,844,1098,-899,315,1070,-976,723,1191,-1272,439,1181,-1361,685,1217,-1377,470,1207,-1476,678,1205,-1275,477,1197,-1382,683,1189,-1245,474,1182,-1339,669,726,-7,508,726,6,851,573,-556,330,561,-464,883,355,148,308,355,129,864,325,210,329,326,180,937,275,-61,267,271,-72,
604,1152,-792,612,1175,-725,619,1174,-725,626,1173,-725,592,1177,-731,584,1177,-731,575,1177,-731,633,1164,-413,546,1165,-438,615,1127,-682,592,1129,-689,699,1061,-355,466,1071,-372,845,1098,-892,316,1073,-967,725,1191,-1241,440,1183,-1324,687,1217,-1341,470,1208,-1434,680,1206,-1239,479,1199,-1336,685,1190,-1213,476,1184,-1300,670,726,-9,509,726,8,851,573,-558,330,562,-462,883,355,153,308,355,134,864,326,214,329,326,185,937,275,-58,267,271,-67,
604,1153,-788,612,1175,-725,619,1174,-724,626,1174,-724,592,1177,-729,584,1178,-729,575,1177,-729,634,1165,-420,547,1166,-439,614,1128,-681,592,1130,-686,700,1061,-357,468,1071,-370,846,1097,-881,317,1074,-938,726,1191,-1224,440,1183,-1288,689,1217,-1324,471,1209,-1400,682,1206,-1225,481,1200,-1311,686,1191,-1197,477,1185,-1266,671,726,-9,509,726,8,851,573,-557,330,562,-455,883,356,154,308,355,147,864,327,216,329,327,198,937,275,-57,268,272,-55,
604,1154,-775,612,1175,-713,618,1175,-713,626,1174,-713,591,1177,-716,583,1178,-716,574,1177,-716,633,1165,-417,547,1166,-427,614,1128,-670,592,1130,-673,700,1061,-353,468,1072,-358,846,1095,-876,319,1075,-912,726,1191,-1205,441,1184,-1255,689,1217,-1303,472,1209,-1367,682,1206,-1202,482,1200,-1276,686,1191,-1177,479,1186,-1234,671,727,-10,509,727,9,851,573,-553,330,563,-453,883,357,156,308,356,147,864,327,218,329,327,198,938,275,-55,268,273,-55,
