609,1020,-1035,614,1042,-995,619,1042,-995,623,1043,-995,594,1043,-1000,585,1044,-1001,576,1044,-1001,624,1040,-706,553,1038,-727,617,996,-925,592,997,-932,689,963,-546,480,955,-603,821,1040,-842,353,1033,-1062,675,1059,-806,504,1059,-1166,634,1065,-840,538,1073,-1244,628,1050,-762,543,1058,-1130,638,1042,-782,534,1047,-1137,663,630,11,511,632,-12,847,493,-441,328,496,-456,857,290,254,293,285,177,836,262,315,318,256,235,911,205,71,244,207,12,
604,1017,-1185,610,1039,-1150,614,1039,-1149,619,1040,-1150,590,1038,-1154,581,1038,-1155,571,1037,-1155,620,1039,-855,550,1035,-875,613,995,-1068,589,994,-1074,687,963,-672,480,956,-723,822,1040,-993,344,1032,-1239,675,1059,-987,496,1059,-1460,634,1066,-1026,536,1075,-1544,629,1052,-937,540,1060,-1439,639,1043,-959,528,1049,-1435,664,630,11,512,631,-12,848,488,-430,328,493,-425,857,290,290,293,283,232,836,262,353,317,255,291,912,205,102,244,207,53,
595,1012,-1122,601,1034,-1083,606,1035,-1083,610,1036,-1083,581,1032,-1088,572,1032,-1088,563,1031,-1088,613,1037,-791,543,1031,-813,605,993,-1009,582,990,-1018,682,964,-621,477,956,-675,817,1042,-942,339,1023,-1187,662,1060,-950,487,1058,-1424,625,1066,-991,530,1075,-1510,621,1055,-906,534,1060,-1407,632,1047,-924,523,1049,-1399,664,630,11,512,631,-12,849,487,-431,328,493,-424,857,290,283,293,282,228,836,262,345,318,255,286,912,205,96,244,206,51,
583,1006,-1105,588,1029,-1070,594,1030,-1070,599,1032,-1070,567,1026,-1072,558,1025,-1073,549,1024,-1073,603,1035,-787,533,1024,-795,595,990,-992,571,986,-997,675,965,-614,471,953,-661,802,1049,-920,334,1009,-1190,644,1063,-906,477,1055,-1460,612,1070,-944,517,1074,-1548,607,1059,-862,523,1060,-1444,617,1051,-881,512,1049,-1435,664,630,11,512,631,-12,848,488,-459,328,493,-426,857,291,261,293,282,218,836,263,323,317,255,276,911,205,70,243,205,46,
567,1004,-1085,575,1027,-1059,581,1029,-1058,588,1030,-1058,551,1023,-1050,542,1021,-1050,534,1020,-1050,595,1034,-774,523,1020,-755,582,988,-977,554,983,-968,668,965,-604,464,943,-617,787,1055,-924,323,996,-1182,631,1067,-920,467,1046,-1416,600,1074,-959,505,1068,-1506,596,1062,-874,513,1056,-1397,607,1054,-893,503,1044,-1390,664,631,6,512,631,-7,848,487,-464,327,493,-423,856,291,255,293,282,216,835,262,317,316,255,273,911,205,64,243,205,42,
566,1003,-1021,571,1027,-986,577,1029,-986,583,1030,-986,548,1022,-985,538,1020,-985,529,1018,-985,587,1033,-711,517,1017,-704,579,987,-913,552,980,-911,659,967,-562,456,935,-572,774,1062,-908,315,975,-1123,626,1070,-924,453,1034,-1429,595,1077,-970,488,1057,-1525,592,1065,-889,497,1048,-1418,602,1056,-900,489,1036,-1403,664,631,4,514,630,-5,849,487,-461,326,493,-384,856,291,249,292,282,222,836,263,309,315,255,276,908,206,53,243,205,44,
557,999,-1048,560,1023,-1020,566,1026,-1019,572,1028,-1019,537,1016,-1013,527,1013,-1013,519,1011,-1013,578,1031,-749,509,1009,-713,572,983,-939,545,975,-928,651,970,-569,449,929,-588,763,1072,-881,308,957,-1137,619,1071,-870,442,1023,-1501,590,1077,-907,477,1047,-1601,588,1065,-831,486,1037,-1493,597,1057,-845,478,1025,-1476,665,632,2,516,630,-3,849,487,-443,326,494,-361,856,290,250,292,282,240,835,262,309,315,255,293,908,206,54,243,205,71,
548,993,-1083,550,1019,-1056,556,1022,-1056,562,1026,-1056,527,1010,-1052,518,1006,-1052,510,1004,-1052,566,1030,-783,498,1002,-760,563,979,-972,536,969,-965,642,977,-590,441,920,-592,750,1081,-854,300,939,-1141,609,1076,-809,426,1012,-1499,579,1079,-840,464,1036,-1595,577,1066,-764,476,1027,-1486,587,1059,-783,468,1015,-1473,666,633,0,518,630,-1,850,487,-440,326,495,-356,856,289,247,291,283,239,836,262,305,315,255,292,909,206,53,243,205,75,
537,989,-1093,538,1014,-1063,544,1018,-1063,550,1022,-1063,515,1003,-1063,507,1000,-1063,499,997,-1063,553,1027,-786,487,993,-780,553,976,-980,526,965,-979,630,978,-589,433,913,-596,733,1090,-794,293,922,-1132,596,1078,-716,412,1009,-1463,565,1078,-740,449,1034,-1557,562,1066,-672,462,1026,-1448,573,1059,-693,454,1014,-1437,666,634,0,518,629,-1,850,489,-472,326,496,-378,856,288,162,290,282,162,836,261,214,315,254,211,910,206,-33,242,205,5,
525,983,-1089,524,1009,-1060,530,1013,-1059,536,1018,-1060,503,997,-1059,495,993,-1059,487,989,-1059,540,1023,-782,477,986,-776,542,972,-977,517,960,-976,622,977,-578,428,906,-597,720,1099,-734,288,897,-1135,586,1079,-617,402,998,-1525,553,1078,-632,439,1025,-1623,551,1065,-564,452,1017,-1515,561,1059,-592,443,1004,-1500,666,634,0,518,629,-1,850,491,-469,326,496,-379,856,288,189,290,282,167,837,261,244,314,254,222,910,206,-6,241,204,19,
512,970,-1117,511,996,-1094,517,1001,-1093,522,1006,-1094,490,982,-1088,482,978,-1089,475,975,-1089,525,1015,-820,465,977,-794,529,962,-1003,505,950,-996,609,979,-580,422,897,-596,698,1107,-677,286,880,-1104,563,1080,-492,390,987,-1480,528,1078,-490,426,1017,-1571,529,1065,-426,437,1009,-1464,540,1059,-466,429,995,-1455,666,636,0,518,629,0,850,491,-449,326,496,-338,856,286,182,289,283,189,837,258,234,314,255,236,912,206,-6,241,205,55,
503,951,-1169,502,975,-1151,508,981,-1151,514,987,-1151,480,962,-1146,473,959,-1146,465,956,-1146,515,1001,-881,452,961,-855,520,946,-1053,494,933,-1047,595,982,-608,415,887,-644,681,1111,-651,282,860,-1168,549,1079,-405,383,976,-1559,512,1076,-386,414,1007,-1643,513,1063,-318,426,1000,-1539,526,1057,-374,419,986,-1533,664,638,0,518,629,0,849,492,-449,326,496,-330,856,286,184,288,283,192,837,259,238,312,255,241,913,208,0,242,205,53,
490,933,-1167,488,959,-1157,493,966,-1157,498,972,-1157,468,946,-1149,460,943,-1149,453,941,-1149,499,992,-914,438,949,-870,507,931,-1058,485,916,-1047,585,986,-612,407,876,-666,658,1113,-499,277,835,-1162,527,1068,-93,369,959,-1557,491,1060,-39,394,991,-1638,493,1049,15,404,984,-1542,507,1047,-62,400,971,-1532,663,641,-1,518,629,0,849,492,-446,326,494,-317,856,287,193,288,282,198,837,259,248,313,255,243,913,208,12,240,205,57,
482,916,-992,477,944,-986,482,951,-986,486,958,-986,458,931,-971,450,929,-971,443,927,-971,486,980,-782,427,937,-706,497,918,-900,477,902,-881,571,987,-485,401,865,-514,634,1111,-271,279,808,-897,511,1053,248,363,939,-1216,474,1036,322,383,972,-1284,478,1028,370,393,966,-1191,490,1029,279,390,952,-1191,661,647,-9,518,632,8,846,493,-442,329,494,-319,856,288,171,288,282,144,836,259,224,312,255,185,914,209,-2,240,207,-12,
470,907,-992,464,934,-986,469,940,-986,474,947,-986,446,921,-969,439,919,-969,431,917,-969,474,966,-781,417,923,-697,485,908,-902,465,893,-880,559,987,-487,391,848,-504,611,1107,-254,278,780,-877,493,1034,285,343,899,-1245,449,1018,365,362,945,-1321,459,1004,407,371,935,-1235,475,1005,314,371,918,-1224,657,652,-14,516,634,13,845,495,-438,331,493,-310,856,287,108,288,281,99,836,256,154,310,255,136,914,209,-81,240,208,-64,
446,893,-1028,442,914,-1009,447,920,-1009,452,926,-1009,426,905,-1004,419,905,-1004,413,904,-1004,454,945,-839,401,913,-726,462,896,-923,443,886,-915,541,984,-533,382,837,-520,591,1112,-381,279,758,-663,474,1016,133,336,885,-777,431,998,196,349,935,-817,440,980,236,356,924,-749,455,979,159,359,906,-758,649,652,-35,516,634,35,840,498,-380,332,493,-282,855,288,73,287,281,-17,836,256,111,309,253,4,913,211,-115,238,212,-184,
451,878,-895,446,899,-892,450,904,-892,453,910,-892,429,888,-874,423,886,-874,416,884,-874,449,931,-715,400,890,-618,466,882,-813,445,869,-788,531,984,-466,376,816,-423,574,1119,-303,284,723,-702,458,1008,220,330,859,-986,421,988,288,337,899,-1046,428,973,332,346,893,-967,441,973,249,349,879,-967,646,653,-30,514,634,30,839,498,-399,334,493,-292,855,288,6,287,281,-8,837,257,42,308,253,17,914,210,-173,241,212,-159,
441,863,-763,433,881,-761,437,887,-761,439,894,-761,418,865,-736,412,862,-737,406,859,-737,434,916,-597,394,866,-477,459,871,-689,440,855,-655,525,978,-404,378,796,-292,560,1119,-366,289,703,-555,446,991,21,323,840,-881,409,971,51,326,876,-953,420,955,92,337,872,-885,434,954,44,342,859,-867,646,652,-39,514,634,39,839,498,-402,336,493,-304,854,289,-6,285,278,-67,834,259,28,306,253,-46,914,210,-177,241,213,-219,
433,843,-731,424,859,-733,428,867,-733,430,874,-733,409,842,-709,403,838,-710,397,835,-709,424,896,-586,385,843,-470,450,854,-663,432,834,-630,510,973,-398,377,778,-268,540,1116,-373,292,680,-485,429,977,18,323,823,-769,392,957,46,324,863,-832,405,941,89,336,860,-760,419,940,42,341,846,-753,646,651,-44,514,633,44,841,496,-368,337,491,-283,853,287,19,285,275,-63,833,257,54,306,251,-44,915,209,-136,241,213,-203,
437,843,-806,425,862,-805,426,870,-804,427,878,-805,414,841,-789,408,835,-789,402,829,-789,421,898,-637,390,830,-553,454,853,-729,438,828,-706,506,962,-437,382,756,-344,519,1108,-405,300,661,-596,408,966,-20,319,816,-888,379,944,11,320,854,-947,390,930,49,331,852,-869,402,930,0,336,838,-868,646,650,-41,516,629,40,841,495,-380,337,491,-280,853,285,-29,286,272,-110,833,256,0,307,246,-96,915,208,-185,239,212,-246,
429,829,-742,416,846,-739,418,854,-739,419,861,-739,407,827,-722,401,821,-722,396,816,-722,414,879,-584,385,815,-491,445,837,-671,432,811,-645,494,949,-401,384,739,-305,499,1095,-366,307,636,-537,399,941,45,315,800,-808,375,918,79,314,836,-863,385,908,115,325,833,-790,395,909,64,331,821,-791,646,645,-41,521,621,41,842,495,-388,337,488,-251,853,285,-60,286,269,-111,833,256,-31,306,243,-100,916,208,-212,239,214,-246,
424,811,-569,410,828,-567,411,836,-567,411,843,-567,402,810,-546,398,805,-546,394,800,-546,407,862,-426,384,801,-318,441,820,-505,431,793,-474,485,942,-280,386,725,-137,481,1087,-206,324,616,-367,398,930,294,321,779,-669,375,902,338,320,816,-722,383,894,375,328,810,-654,393,897,315,334,797,-655,648,641,-51,526,619,51,850,495,-344,337,488,-223,853,285,-8,286,266,-106,834,256,30,308,242,-95,916,208,-128,235,212,-235,
424,801,-539,409,819,-534,409,827,-534,409,833,-534,401,801,-518,397,795,-518,392,789,-517,402,849,-383,381,788,-296,438,810,-472,431,783,-447,470,934,-238,385,711,-125,471,1076,-144,331,590,-358,393,918,393,325,755,-608,372,891,446,325,791,-647,376,883,491,331,787,-578,386,886,419,337,777,-591,651,634,-53,529,614,53,854,493,-356,337,488,-229,853,283,14,286,266,-110,833,256,53,310,242,-99,916,207,-114,235,211,-246,
430,793,-659,414,809,-657,414,817,-657,413,824,-657,407,790,-650,403,783,-650,398,777,-650,401,839,-495,385,774,-424,443,803,-585,435,775,-573,455,924,-329,388,692,-239,464,1065,-255,353,550,-214,397,911,178,367,567,-285,376,882,245,364,570,-286,377,873,457,352,586,-298,387,876,218,355,589,-289,651,630,-53,528,610,53,853,493,-383,334,489,-242,853,275,-24,285,266,-141,833,243,8,310,241,-133,919,203,-174,233,211,-297,
432,782,-710,414,800,-703,414,808,-703,413,815,-703,409,780,-685,405,774,-685,400,769,-685,402,832,-498,388,768,-509,445,793,-633,437,766,-611,456,916,-368,392,684,-280,465,1057,-290,363,539,-316,395,908,142,389,602,-379,370,876,221,393,617,-387,372,867,274,382,631,-378,384,871,205,382,628,-375,652,626,-55,530,608,56,853,491,-329,334,494,-260,853,273,43,286,265,-205,832,242,78,310,240,-200,919,201,-92,234,211,-369,
434,778,-626,416,795,-621,415,803,-621,413,810,-621,411,775,-620,407,769,-620,402,763,-620,401,824,-444,389,762,-442,446,791,-547,439,764,-544,457,905,-309,399,677,-233,459,1044,-279,414,554,-171,394,896,15,465,552,-219,366,864,7,481,544,-228,369,855,30,474,560,-254,383,860,26,467,565,-227,653,625,-59,533,606,59,852,491,-305,334,497,-244,853,273,43,286,265,-220,832,243,75,309,241,-222,919,202,-98,234,212,-402,
433,764,-641,412,780,-642,411,789,-642,410,797,-642,409,762,-630,406,757,-630,402,752,-630,398,816,-489,390,756,-428,445,779,-570,440,754,-551,458,899,-336,402,680,-221,455,1037,-335,386,549,-266,391,895,-8,427,592,-408,362,863,-3,437,601,-426,364,853,28,435,614,-419,378,859,6,432,613,-407,653,625,-69,533,606,69,849,491,-307,334,497,-202,853,272,14,289,264,-196,833,241,43,310,239,-198,919,202,-133,231,210,-360,
434,771,-674,414,788,-673,412,796,-673,410,804,-673,410,768,-661,407,762,-661,402,757,-661,398,817,-507,390,757,-483,445,785,-598,440,760,-582,456,895,-345,408,673,-248,456,1031,-351,387,555,-328,390,889,-63,432,584,-457,361,861,-67,444,588,-478,363,850,-41,441,602,-478,377,855,-53,438,602,-458,655,623,-65,536,605,66,848,490,-274,335,501,-220,853,272,38,290,265,-240,834,241,64,310,240,-245,920,201,-119,231,210,-421,
434,765,-773,415,782,-775,414,791,-775,412,799,-775,411,761,-770,407,755,-770,403,750,-770,400,814,-608,391,752,-579,446,778,-695,441,751,-686,455,892,-438,407,674,-342,458,1026,-417,378,556,-450,392,883,-102,388,609,-586,361,853,-100,386,639,-620,365,843,-75,384,655,-587,379,848,-92,387,639,-577,655,623,-64,536,604,65,848,490,-278,336,503,-216,853,272,47,290,269,-244,835,241,73,311,244,-250,919,202,-116,231,210,-427,
437,767,-634,416,786,-627,414,795,-627,413,803,-627,412,764,-622,408,758,-622,404,752,-622,402,819,-458,391,751,-427,451,778,-558,447,752,-549,460,886,-289,409,675,-226,462,1024,-195,371,561,-218,389,874,213,354,710,-150,356,849,238,342,749,-161,362,839,277,346,748,-117,378,843,231,353,734,-135,656,622,-63,539,602,63,848,489,-222,337,505,-208,853,272,89,290,273,-210,835,242,117,311,245,-211,920,202,-62,230,210,-382,
444,762,-844,420,784,-849,419,793,-849,417,802,-849,415,760,-832,411,753,-833,407,747,-832,406,820,-691,394,746,-605,460,773,-769,455,744,-745,465,888,-476,412,676,-390,465,1030,-355,362,569,-490,392,880,108,346,738,-503,360,856,136,334,774,-518,366,845,175,340,775,-428,381,850,126,349,762,-473,659,620,-62,541,602,63,848,488,-239,338,505,-167,854,273,120,290,275,-112,835,244,155,311,246,-106,919,202,-32,231,213,-271,
443,760,-795,420,780,-826,419,790,-826,417,799,-827,415,759,-762,411,754,-762,406,749,-762,407,822,-624,394,753,-511,459,772,-746,454,747,-681,476,887,-437,412,681,-322,478,1033,-345,370,599,-345,397,886,147,349,751,-310,366,862,192,337,784,-317,374,851,240,345,780,-266,388,855,174,355,768,-292,660,619,-68,542,602,69,848,488,-260,338,505,-166,853,274,57,291,275,-123,835,246,89,311,246,-119,919,203,-89,230,213,-282,
444,765,-789,421,785,-797,420,794,-797,418,803,-797,417,765,-770,413,759,-770,409,754,-770,409,824,-636,394,756,-532,460,776,-721,454,752,-687,480,889,-439,411,686,-325,493,1038,-344,352,606,-425,411,887,143,340,753,-468,376,863,190,328,792,-485,390,852,242,342,785,-394,406,857,173,350,773,-442,660,620,-70,543,603,70,847,488,-258,338,504,-144,853,274,58,291,275,-103,835,245,90,311,244,-99,919,203,-90,230,213,-258,
444,767,-907,423,788,-915,422,796,-915,422,805,-915,418,765,-893,414,761,-894,410,758,-893,415,825,-763,394,765,-656,460,779,-833,454,757,-803,485,891,-530,407,705,-420,512,1049,-428,336,617,-451,424,905,13,343,759,-431,391,880,55,331,804,-439,402,867,112,348,798,-380,417,868,46,356,781,-409,660,622,-69,542,606,70,847,487,-254,338,504,-135,853,274,90,291,276,-67,835,245,125,311,244,-60,918,203,-60,230,213,-220,
445,778,-858,428,797,-866,429,805,-865,430,813,-866,420,778,-844,415,775,-844,411,772,-844,423,838,-713,394,781,-607,463,788,-784,454,771,-755,493,898,-491,399,730,-384,532,1063,-409,327,638,-454,438,923,29,342,783,-445,405,900,58,331,827,-458,414,886,133,350,823,-403,428,886,50,358,805,-426,660,623,-70,543,609,70,846,487,-260,338,504,-157,853,273,67,290,275,-103,836,245,101,310,243,-98,918,203,-88,230,212,-262,
463,816,-929,448,838,-929,449,845,-929,450,853,-929,437,820,-918,430,814,-919,423,809,-919,440,870,-740,399,811,-685,477,818,-840,467,803,-825,505,908,-492,392,747,-434,554,1077,-392,321,658,-524,450,944,73,341,799,-499,415,921,123,330,840,-501,423,905,191,349,835,-433,438,904,108,358,820,-475,660,626,-64,542,614,64,846,487,-301,337,504,-187,853,273,-2,290,274,-152,836,244,25,311,243,-148,919,203,-185,230,212,-325,
470,840,-1103,459,864,-1105,461,871,-1104,463,878,-1105,445,847,-1090,437,842,-1091,429,837,-1091,454,894,-891,402,834,-822,485,838,-1004,470,822,-986,522,917,-591,387,764,-531,573,1084,-441,304,682,-678,458,955,71,336,811,-764,421,936,128,327,850,-782,430,916,191,347,843,-717,446,914,107,355,829,-742,658,627,-57,537,619,57,846,487,-333,335,504,-235,853,273,17,290,272,-150,834,243,47,311,242,-146,918,203,-160,228,212,-321,
479,864,-823,470,887,-811,473,894,-811,475,900,-811,455,872,-809,447,867,-809,439,863,-809,466,912,-594,409,859,-575,491,862,-726,475,846,-723,524,933,-365,385,779,-368,583,1085,-271,304,711,-580,474,975,193,339,830,-710,435,954,248,331,868,-740,443,936,310,350,862,-668,458,935,225,356,849,-689,657,628,-45,531,620,45,846,486,-346,331,504,-253,851,273,12,290,272,-154,832,243,44,313,243,-147,918,203,-155,230,212,-318,
490,881,-912,483,904,-895,486,908,-895,488,913,-895,468,892,-891,461,888,-891,452,884,-891,481,925,-624,425,882,-627,500,877,-806,483,864,-801,538,940,-401,385,802,-407,612,1092,-440,295,741,-751,485,992,-84,345,864,-977,449,979,-47,356,907,-1022,455,961,22,368,898,-936,469,957,-49,370,881,-953,657,629,-42,531,621,42,846,487,-429,330,504,-306,850,274,-39,289,271,-154,830,248,-5,315,243,-145,916,203,-231,230,211,-320,
495,891,-1063,490,914,-1056,493,919,-1055,496,924,-1056,473,903,-1047,465,900,-1047,456,896,-1047,493,939,-821,430,896,-780,507,886,-959,488,875,-948,557,949,-556,386,821,-532,638,1097,-548,285,765,-836,508,1004,-160,354,877,-1018,472,992,-116,374,918,-1059,478,975,-44,385,908,-964,491,971,-123,385,892,-990,656,630,-34,524,623,34,847,486,-414,323,502,-275,850,276,124,287,271,20,831,249,167,314,243,47,916,204,-42,231,209,-119,
501,905,-1070,498,930,-1063,502,934,-1063,506,939,-1063,480,918,-1053,472,915,-1053,463,912,-1053,504,954,-833,438,914,-784,513,898,-967,494,890,-954,571,959,-561,387,843,-548,666,1097,-561,278,787,-867,527,1017,-196,365,903,-1040,490,1004,-153,389,936,-1085,494,989,-76,402,929,-984,506,986,-157,400,915,-1009,654,631,-31,521,625,30,844,484,-408,318,502,-278,850,276,168,287,272,53,832,249,214,314,244,86,916,204,1,232,209,-89,
509,925,-1172,508,948,-1160,513,953,-1160,517,958,-1160,490,938,-1154,482,935,-1154,474,933,-1154,519,973,-914,452,933,-882,522,917,-1064,503,909,-1056,589,964,-650,394,860,-688,692,1096,-714,280,830,-1132,553,1035,-443,390,940,-1353,514,1022,-411,420,974,-1409,516,1012,-330,431,966,-1303,528,1011,-404,424,951,-1321,652,632,-20,516,625,19,842,484,-380,317,500,-269,850,278,175,286,271,183,831,251,222,313,244,226,916,204,-9,233,209,50,
525,952,-1172,524,974,-1152,529,977,-1152,533,980,-1152,507,966,-1151,499,963,-1151,490,960,-1151,535,988,-886,468,956,-880,535,939,-1059,515,932,-1058,604,962,-634,407,880,-691,708,1094,-681,283,859,-1183,567,1040,-416,404,967,-1473,536,1031,-385,440,997,-1544,536,1021,-312,448,989,-1438,546,1020,-380,440,975,-1443,650,634,-14,512,627,13,836,484,-393,317,500,-293,851,281,153,285,271,177,834,252,197,312,245,220,916,203,-28,233,208,15,
536,969,-1269,538,990,-1247,544,993,-1247,549,995,-1247,517,984,-1245,508,982,-1245,499,980,-1245,553,1000,-962,480,977,-954,548,954,-1149,525,946,-1148,621,962,-675,418,899,-764,736,1093,-662,287,890,-1325,591,1051,-333,419,989,-1654,562,1047,-288,457,1017,-1727,561,1035,-214,464,1007,-1619,570,1032,-294,456,994,-1622,646,635,-5,504,628,5,834,485,-487,317,499,-329,851,281,129,285,272,227,834,252,193,312,245,278,916,203,-123,234,205,64,
545,977,-1256,550,999,-1229,557,1002,-1229,563,1004,-1229,526,994,-1229,517,992,-1229,507,991,-1229,568,1008,-934,486,991,-935,557,962,-1134,533,956,-1135,633,962,-665,425,918,-748,755,1092,-752,288,921,-1270,603,1053,-546,432,1002,-1534,573,1050,-535,468,1028,-1608,571,1038,-456,475,1015,-1498,581,1034,-513,467,1005,-1503,643,636,3,495,628,-4,833,486,-517,315,494,-364,852,281,138,285,272,247,834,252,197,312,246,304,914,203,-92,234,203,92,
561,986,-1257,566,1009,-1227,572,1011,-1226,578,1013,-1226,542,1005,-1229,533,1005,-1229,523,1004,-1229,580,1015,-923,500,1002,-933,570,970,-1133,547,964,-1137,644,961,-673,434,927,-755,767,1083,-831,295,946,-1320,616,1057,-699,443,1016,-1661,585,1059,-706,477,1043,-1752,579,1046,-625,484,1030,-1641,589,1040,-668,476,1018,-1632,643,636,9,493,630,-10,834,486,-494,313,492,-377,852,281,204,284,277,272,834,253,266,311,252,332,914,204,1,237,203,112,
573,1003,-1126,579,1024,-1072,585,1025,-1072,591,1026,-1072,556,1024,-1085,546,1024,-1086,536,1023,-1086,592,1025,-749,511,1016,-795,581,983,-995,558,979,-1018,651,961,-554,443,936,-665,783,1070,-772,307,976,-1127,628,1058,-722,458,1035,-1394,595,1062,-752,493,1057,-1436,589,1049,-674,499,1042,-1354,599,1042,-698,491,1030,-1371,643,636,10,494,630,-11,835,488,-464,313,492,-412,852,282,221,284,277,210,834,255,281,311,251,267,914,204,29,237,200,52,
583,1009,-1058,587,1030,-1011,593,1030,-1011,598,1031,-1011,566,1031,-1021,557,1032,-1021,548,1032,-1021,598,1029,-701,521,1025,-742,589,989,-936,568,986,-952,658,962,-528,449,942,-610,795,1065,-781,318,991,-1095,638,1059,-756,463,1034,-1318,606,1062,-790,501,1052,-1388,600,1049,-712,506,1039,-1284,610,1042,-732,497,1029,-1291,644,636,8,495,630,-9,835,490,-462,313,492,-444,852,282,223,285,277,183,834,255,283,312,251,238,912,204,32,237,198,18,
597,1023,-918,600,1042,-866,605,1042,-866,610,1042,-866,581,1044,-877,572,1045,-877,563,1045,-877,608,1038,-559,538,1036,-609,602,1001,-803,582,998,-819,667,963,-436,454,944,-514,801,1057,-771,330,1000,-1079,646,1059,-791,474,1044,-1248,613,1064,-835,511,1063,-1336,607,1050,-748,517,1050,-1217,618,1043,-766,508,1039,-1218,644,636,10,496,632,-11,835,490,-453,313,491,-438,853,283,256,285,277,197,834,256,317,312,250,255,911,204,75,237,198,26,
603,1024,-997,607,1043,-954,613,1043,-953,618,1043,-953,587,1045,-961,578,1046,-961,570,1047,-961,616,1039,-652,544,1038,-688,609,1002,-883,588,999,-892,673,962,-481,460,949,-523,809,1050,-944,334,1009,-1147,657,1059,-1057,475,1049,-1419,622,1065,-1116,513,1067,-1513,617,1052,-1025,517,1052,-1405,627,1045,-1032,508,1042,-1392,645,636,10,496,633,-11,835,488,-431,315,489,-414,853,283,292,285,277,237,834,256,353,312,250,295,911,204,103,237,199,58,
612,1024,-1009,617,1043,-962,623,1043,-962,628,1043,-962,597,1046,-971,588,1047,-972,579,1048,-972,626,1039,-655,554,1042,-697,617,1002,-892,596,1001,-904,678,962,-508,464,956,-553,817,1043,-915,338,1021,-1117,663,1059,-1005,486,1059,-1351,629,1067,-1060,526,1076,-1433,623,1054,-968,530,1060,-1327,634,1045,-979,519,1050,-1323,645,637,11,497,634,-12,835,490,-464,315,487,-448,853,283,258,286,278,215,834,256,320,312,250,275,908,204,72,238,199,42,
616,1023,-992,623,1042,-944,629,1042,-944,635,1041,-944,602,1045,-952,593,1046,-952,584,1047,-952,633,1037,-637,557,1041,-674,621,1000,-876,600,1000,-888,683,962,-504,471,958,-548,822,1039,-859,345,1027,-1100,673,1059,-882,491,1060,-1336,638,1068,-923,531,1077,-1418,633,1055,-832,535,1062,-1311,644,1046,-853,523,1051,-1308,646,637,11,497,634,-12,835,490,-489,315,487,-484,853,283,237,286,277,214,834,256,297,312,250,256,908,204,51,238,199,13,
623,1024,-948,630,1043,-896,635,1042,-896,640,1042,-896,610,1047,-908,602,1049,-909,593,1050,-908,637,1037,-589,566,1044,-643,626,1002,-834,606,1002,-850,685,960,-475,478,961,-532,825,1034,-871,356,1028,-1073,679,1057,-965,493,1060,-1289,644,1065,-1021,533,1075,-1377,638,1052,-929,535,1060,-1267,650,1043,-940,524,1050,-1262,647,637,13,497,634,-14,835,490,-481,316,487,-483,853,284,236,287,277,205,834,256,297,312,250,249,907,204,52,238,199,-4,
632,1021,-960,636,1040,-909,641,1039,-908,645,1039,-908,618,1045,-920,610,1046,-921,601,1048,-921,640,1035,-604,573,1043,-657,633,1000,-845,614,1001,-862,687,956,-490,483,960,-546,832,1026,-941,362,1029,-1100,685,1056,-1087,498,1060,-1349,650,1062,-1153,538,1075,-1439,643,1050,-1058,540,1060,-1333,654,1041,-1061,528,1050,-1323,647,634,14,497,633,-16,836,488,-480,316,486,-464,853,284,243,287,277,194,834,256,303,311,250,242,908,203,58,238,199,-7,
635,1020,-943,641,1038,-890,646,1037,-890,650,1037,-890,622,1044,-903,614,1046,-903,606,1047,-903,646,1033,-582,580,1043,-637,637,999,-828,618,1000,-846,690,949,-474,487,964,-536,839,1015,-938,368,1033,-1082,693,1047,-1110,502,1059,-1337,660,1057,-1179,542,1072,-1431,655,1048,-1083,543,1057,-1317,665,1038,-1085,531,1048,-1317,647,633,16,497,633,-17,836,486,-474,317,481,-469,853,284,246,287,276,185,834,256,307,311,250,237,909,203,65,238,199,-21,
640,1017,-985,647,1036,-920,652,1035,-920,656,1034,-920,628,1041,-942,620,1044,-942,612,1046,-942,653,1031,-601,587,1043,-682,640,996,-868,621,998,-891,695,942,-523,492,966,-590,851,1007,-1048,372,1039,-1143,706,1038,-1256,510,1060,-1372,668,1052,-1332,551,1070,-1462,663,1043,-1231,551,1055,-1357,673,1033,-1230,538,1047,-1348,647,631,16,498,633,-17,836,486,-470,317,480,-488,853,286,244,287,275,152,834,256,303,311,249,207,910,203,50,238,199,-57,
647,1016,-1050,654,1034,-995,659,1033,-995,664,1033,-995,635,1040,-1010,627,1043,-1010,619,1045,-1010,662,1030,-673,595,1042,-738,647,995,-930,628,997,-949,701,937,-555,498,969,-632,859,1000,-1039,377,1044,-1196,714,1037,-1200,522,1062,-1434,677,1051,-1266,564,1071,-1520,672,1042,-1162,564,1057,-1417,682,1033,-1172,549,1049,-1408,647,629,18,498,633,-19,836,485,-457,317,479,-472,854,286,270,287,275,190,834,256,332,311,249,250,913,202,92,236,199,-1,
650,1015,-1079,660,1033,-1027,666,1032,-1026,672,1032,-1026,640,1039,-1039,633,1042,-1039,625,1044,-1039,671,1029,-703,603,1041,-757,651,994,-958,631,997,-974,706,937,-578,505,973,-644,868,988,-1120,388,1052,-1235,724,1037,-1363,534,1060,-1508,685,1051,-1446,578,1069,-1606,678,1042,-1342,577,1055,-1503,689,1033,-1337,563,1047,-1485,647,629,18,498,633,-19,836,485,-443,317,479,-473,854,287,261,287,274,183,834,256,322,311,248,241,913,201,76,236,199,-24,
660,1013,-1118,671,1029,-1069,677,1027,-1069,682,1026,-1069,651,1038,-1080,643,1042,-1080,635,1043,-1080,683,1024,-741,614,1040,-791,660,992,-991,640,996,-1007,714,935,-604,513,978,-665,875,979,-1155,398,1059,-1288,726,1035,-1416,547,1062,-1623,692,1051,-1502,591,1069,-1723,684,1042,-1395,590,1055,-1626,694,1032,-1390,576,1048,-1601,646,629,18,498,635,-19,835,485,-474,317,479,-507,854,287,224,288,274,161,834,255,284,312,248,220,913,201,22,236,201,-48,
667,1009,-1153,680,1024,-1107,686,1021,-1107,692,1019,-1107,659,1034,-1119,651,1039,-1119,643,1042,-1119,693,1018,-782,625,1039,-834,668,989,-1026,648,996,-1042,719,931,-636,524,981,-696,882,967,-1195,415,1075,-1311,741,1031,-1476,565,1063,-1630,708,1048,-1566,607,1068,-1727,700,1041,-1455,607,1054,-1636,708,1031,-1448,592,1048,-1611,646,630,18,498,637,-19,835,489,-475,318,479,-496,854,287,217,289,274,178,834,257,277,312,248,239,913,202,16,237,201,-21,
684,1003,-1112,699,1017,-1063,705,1014,-1062,709,1012,-1062,678,1028,-1102,670,1033,-1102,662,1038,-1102,709,1011,-712,644,1038,-801,681,982,-973,662,993,-1018,727,923,-539,536,988,-623,898,951,-1025,431,1091,-997,759,1021,-1277,578,1062,-1038,726,1040,-1355,617,1066,-1099,720,1034,-1253,617,1053,-1019,727,1025,-1251,604,1047,-1019,646,630,21,498,638,-22,836,489,-405,319,479,-472,855,286,228,289,273,182,834,256,285,312,247,241,913,201,43,236,201,-4,
697,999,-916,711,1011,-866,716,1008,-866,721,1005,-866,692,1023,-884,684,1028,-884,677,1033,-884,721,1004,-552,659,1037,-624,692,978,-796,674,991,-819,739,918,-432,551,991,-495,912,924,-982,454,1107,-895,773,1007,-1306,596,1062,-962,742,1029,-1404,633,1064,-1029,736,1023,-1296,631,1052,-958,741,1014,-1280,618,1046,-947,646,630,22,499,639,-23,836,491,-372,321,479,-460,856,285,226,291,273,178,837,256,280,313,247,234,911,201,38,237,201,-11,
706,986,-1087,723,997,-1040,728,994,-1039,733,991,-1040,704,1009,-1057,696,1015,-1057,688,1020,-1057,733,989,-695,672,1030,-776,702,966,-952,683,980,-976,750,904,-487,564,994,-604,921,900,-1052,477,1116,-999,787,990,-1388,612,1062,-1190,754,1014,-1485,652,1063,-1266,747,1007,-1378,644,1051,-1184,752,996,-1364,631,1046,-1172,647,630,28,499,639,-29,836,493,-372,321,477,-457,856,283,247,291,272,226,837,253,301,314,245,287,909,201,51,237,200,32,
716,979,-1119,736,989,-1071,742,986,-1071,747,982,-1071,716,1002,-1087,709,1008,-1087,701,1014,-1087,749,978,-728,687,1024,-801,712,958,-984,693,973,-1007,764,893,-522,577,997,-626,929,873,-1088,499,1121,-1001,803,971,-1461,631,1061,-1042,772,999,-1565,681,1056,-1104,763,991,-1462,671,1043,-1036,768,977,-1439,654,1042,-1028,647,631,29,499,641,-30,836,495,-373,321,477,-464,858,282,247,292,271,216,839,251,302,314,242,276,909,201,50,236,200,20,
730,960,-721,751,970,-667,756,966,-667,760,962,-667,734,984,-694,728,991,-694,721,998,-694,758,961,-344,707,1012,-467,722,942,-599,706,959,-636,767,880,-150,587,997,-300,924,834,-295,529,1122,-233,815,949,-350,663,1060,255,792,987,-401,710,1046,257,777,978,-331,700,1032,299,778,961,-334,683,1033,268,646,631,36,500,642,-37,838,495,-235,321,476,-388,859,281,333,292,271,227,840,251,386,314,239,285,910,200,195,236,200,62,
744,954,-727,765,961,-672,770,957,-672,774,952,-672,749,976,-697,743,983,-697,737,990,-697,772,949,-349,725,1003,-465,737,934,-607,721,952,-642,776,862,-151,604,995,-301,928,807,-295,557,1126,-234,839,925,-387,678,1057,236,818,966,-436,728,1034,239,802,958,-373,718,1020,283,801,942,-373,703,1022,251,647,631,39,501,642,-39,839,496,-274,319,476,-403,859,281,300,292,271,169,840,253,359,314,238,225,910,200,142,236,200,22,
754,932,-533,778,939,-479,782,935,-479,787,932,-479,763,955,-504,758,963,-504,752,971,-504,785,933,-167,743,988,-286,746,915,-416,733,932,-452,783,850,15,624,993,-121,925,781,-63,593,1120,0,850,904,-119,699,1042,496,839,950,-162,741,1016,508,822,942,-102,734,1002,546,819,925,-103,720,1003,509,646,630,38,502,642,-38,838,496,-248,314,474,-393,860,281,298,292,269,160,842,252,353,314,235,212,910,201,166,234,197,-3,
760,913,-588,784,920,-539,789,916,-539,794,912,-539,770,937,-565,765,945,-565,761,953,-565,794,914,-235,754,970,-356,752,896,-472,740,916,-509,788,834,-57,634,992,-220,925,757,-302,613,1122,-182,859,880,-540,728,1019,278,848,926,-607,761,995,284,832,918,-532,750,979,329,829,903,-523,738,980,295,646,629,42,503,642,-42,836,495,-275,313,474,-407,859,279,204,293,269,126,842,251,251,314,235,178,910,201,78,234,197,-28,
763,891,-522,788,898,-479,792,894,-479,796,891,-479,777,915,-504,774,924,-504,770,933,-504,799,896,-196,764,952,-312,754,877,-412,744,898,-448,789,812,-33,647,986,-187,921,724,-213,651,1125,-120,866,846,-379,752,998,385,852,890,-437,778,977,398,832,886,-368,766,962,431,830,872,-361,753,965,398,644,624,43,503,642,-43,835,493,-188,310,474,-366,859,279,279,293,266,140,842,249,325,314,234,191,911,201,177,228,197,-22,
772,868,-484,798,873,-446,802,869,-446,805,866,-446,788,892,-469,785,902,-469,782,912,-469,810,873,-169,778,932,-277,762,857,-374,753,877,-408,790,785,17,667,978,-131,906,691,-86,681,1121,-28,862,825,-176,767,979,442,854,871,-216,795,957,461,832,865,-153,779,942,494,828,852,-158,766,945,455,639,621,46,502,640,-46,835,493,-242,305,474,-386,858,280,154,294,264,127,841,249,196,316,232,178,911,202,62,228,196,-19,
781,850,-430,807,853,-392,811,850,-392,814,847,-392,799,872,-414,797,882,-414,794,893,-415,817,854,-130,789,916,-236,769,841,-326,762,862,-359,791,767,48,683,967,-91,890,665,78,700,1120,1,860,805,168,782,971,412,856,852,153,809,948,425,832,849,205,795,933,461,826,837,186,782,935,425,639,620,48,505,640,-48,836,493,-254,302,474,-378,858,280,109,294,264,99,840,249,147,316,232,146,909,199,11,228,195,-38,
796,832,-468,820,837,-434,822,835,-434,825,833,-434,813,852,-458,811,861,-458,808,870,-458,825,841,-178,802,896,-289,781,826,-366,775,843,-400,791,746,15,699,951,-131,830,589,82,725,1100,-2,847,650,54,795,958,354,840,667,38,817,938,363,827,681,42,807,924,389,820,678,54,795,926,364,637,618,47,506,638,-47,838,495,-219,302,473,-386,856,282,143,294,263,75,835,250,182,317,232,122,909,199,39,228,195,-54,
810,811,-562,833,818,-491,835,816,-490,837,814,-490,827,831,-510,825,839,-511,823,849,-511,834,825,-284,814,875,-396,793,807,-447,788,822,-478,793,733,-30,715,930,-188,798,583,-58,741,1071,-137,827,564,-208,795,937,152,833,554,-234,812,918,158,823,567,-243,807,902,184,817,574,-217,796,906,163,637,616,46,510,636,-46,838,495,-232,302,473,-383,856,281,91,295,260,59,835,249,123,317,231,100,909,200,-29,229,192,-106,
825,786,-570,845,795,-526,846,795,-525,847,795,-526,842,805,-556,841,812,-557,839,820,-557,841,811,-254,830,848,-402,805,788,-453,802,799,-499,794,734,-18,727,909,-219,796,605,81,755,1052,-84,826,587,-96,806,929,313,836,579,-121,824,904,332,836,588,-168,814,895,354,827,593,-120,804,899,327,637,614,50,510,634,-50,838,497,-237,299,472,-398,857,279,65,295,260,82,836,247,98,317,231,129,913,200,-69,229,192,-94,
826,780,-579,847,786,-540,848,784,-540,849,783,-540,843,799,-568,842,806,-568,840,813,-568,845,794,-254,834,833,-391,810,779,-461,806,792,-502,797,711,-17,739,899,-198,806,581,0,770,1039,-13,844,548,-231,815,917,350,869,541,-265,831,889,368,874,545,-315,822,881,375,855,554,-200,813,886,359,637,613,50,512,633,-49,836,499,-236,300,472,-399,858,282,82,294,260,94,839,250,114,317,230,139,914,200,-55,229,192,-97,
824,772,-546,845,774,-515,846,771,-515,847,769,-515,843,789,-545,842,797,-545,842,805,-545,844,781,-250,838,822,-392,807,772,-437,806,790,-480,794,704,-38,744,893,-215,779,568,-87,793,1032,-86,831,581,-459,824,907,294,859,583,-514,839,873,315,854,596,-539,827,867,338,842,599,-475,817,874,310,630,608,52,512,631,-52,834,503,-152,299,473,-351,860,284,70,295,257,72,842,256,91,320,230,109,914,201,-72,231,190,-117,
820,764,-565,842,760,-520,843,757,-520,844,753,-521,840,779,-552,840,788,-552,840,798,-553,843,761,-292,839,818,-426,803,761,-444,802,782,-482,792,695,-80,750,880,-260,768,568,-123,805,1021,-117,818,583,-480,828,890,129,850,585,-528,840,859,142,846,596,-547,827,854,165,836,599,-495,818,861,144,630,604,54,512,630,-54,834,504,-154,299,474,-317,860,284,37,296,258,78,842,255,55,320,232,113,916,202,-97,231,190,-105,
823,750,-528,845,747,-491,846,744,-491,846,742,-492,844,765,-522,845,774,-522,845,784,-522,845,752,-231,843,805,-379,806,749,-418,806,770,-461,791,687,-27,749,872,-206,789,554,-11,813,1010,-33,853,557,-289,841,870,306,880,535,-333,849,840,326,880,544,-387,838,834,333,866,554,-317,830,841,316,631,599,54,512,624,-54,834,504,-148,299,475,-326,860,281,32,297,258,85,842,251,48,320,232,123,917,202,-114,231,191,-96,
821,751,-534,844,748,-504,844,744,-504,845,740,-504,844,767,-533,845,776,-534,846,785,-534,845,748,-247,845,801,-387,805,749,-431,807,770,-473,791,682,-41,751,866,-220,789,547,-59,821,1000,-79,814,567,-309,837,862,258,819,566,-348,842,836,280,824,582,-373,834,828,292,819,584,-324,824,837,270,631,599,61,512,619,-61,833,504,-96,300,476,-291,860,281,23,297,257,76,842,250,33,320,232,107,917,200,-119,231,191,-102,
828,766,-532,847,757,-506,848,752,-506,848,748,-507,849,774,-526,849,780,-526,850,786,-527,847,749,-268,848,792,-375,810,760,-437,814,780,-467,790,678,-73,763,867,-197,781,549,24,823,997,-2,790,457,-139,826,876,230,793,425,-161,839,851,253,797,433,-230,825,842,230,792,448,-170,815,852,266,631,599,56,512,617,-56,832,504,-113,300,478,-269,861,280,-11,297,257,80,843,249,-5,320,231,115,917,200,-177,231,191,-97,
827,755,-624,847,746,-597,847,742,-597,848,738,-597,848,763,-621,848,770,-621,849,777,-621,847,742,-355,847,788,-471,809,751,-526,812,772,-560,793,676,-136,764,864,-305,781,544,-26,823,996,-170,788,456,-220,835,865,16,791,426,-251,843,834,9,795,437,-300,831,831,12,791,450,-247,822,839,22,632,598,58,512,617,-58,832,505,-105,300,478,-243,862,280,-2,297,257,131,843,249,2,320,230,159,917,200,-181,230,192,-71,
824,751,-626,844,743,-602,845,739,-602,846,735,-602,844,760,-628,845,768,-628,845,775,-628,846,739,-363,844,790,-488,807,748,-525,808,768,-562,795,675,-141,763,866,-308,784,543,-46,822,996,-166,792,490,-239,836,865,84,796,471,-256,842,837,89,800,485,-350,830,831,99,795,493,-283,821,839,93,633,598,58,512,618,-57,832,506,-104,300,479,-261,862,280,3,297,257,125,843,249,10,320,229,156,917,200,-160,230,192,-62,
822,756,-661,843,747,-639,844,742,-639,844,737,-639,843,767,-658,843,775,-658,843,783,-659,845,739,-400,842,797,-492,806,751,-559,808,772,-587,801,672,-170,762,870,-316,787,533,-121,817,1002,-201,793,481,-361,832,865,6,796,461,-396,841,839,3,804,477,-449,831,834,19,801,487,-388,819,843,15,633,595,57,512,618,-57,835,508,-122,301,479,-245,862,280,-46,297,258,157,843,249,-41,320,229,191,916,201,-216,230,192,-15,
821,758,-642,842,750,-616,843,745,-616,844,741,-616,842,770,-638,842,779,-638,842,787,-638,846,744,-369,844,801,-473,806,754,-540,807,774,-571,800,672,-147,764,873,-315,789,537,-146,809,1002,-275,819,506,-422,831,872,-125,831,493,-466,842,846,-137,840,507,-500,832,840,-112,834,515,-444,821,848,-114,633,595,58,512,619,-58,837,509,-116,302,479,-251,862,280,-38,297,258,149,843,249,-34,320,229,187,915,201,-205,230,193,-17,
820,761,-674,842,754,-644,843,749,-644,844,745,-644,841,773,-672,841,781,-672,841,789,-672,846,749,-380,842,804,-513,805,757,-565,806,776,-605,802,678,-171,760,874,-360,777,544,-284,806,1014,-459,811,528,-660,829,879,-437,822,522,-723,840,850,-469,834,544,-744,830,844,-432,829,548,-679,819,852,-424,631,594,60,511,619,-59,837,509,-119,303,478,-228,863,280,-47,297,258,183,844,249,-44,319,229,217,917,201,-219,230,193,6,
820,762,-693,841,756,-661,842,752,-660,844,748,-661,840,774,-693,840,783,-693,841,791,-693,846,752,-388,841,806,-543,805,758,-582,805,777,-628,801,681,-178,758,879,-391,780,549,-284,790,1026,-489,824,541,-642,828,891,-436,836,535,-705,839,858,-466,844,557,-725,829,853,-428,837,560,-661,818,860,-422,631,594,62,511,619,-61,839,510,-80,303,478,-248,863,280,11,297,258,165,844,249,14,319,229,200,917,201,-146,231,193,-10,
819,766,-708,840,766,-678,841,763,-678,843,759,-678,838,781,-708,837,789,-708,836,798,-708,845,765,-415,834,819,-559,804,762,-600,802,780,-642,804,691,-218,750,886,-408,771,573,-339,768,1034,-510,801,577,-683,827,897,-440,809,573,-743,838,864,-466,817,591,-754,828,857,-421,813,593,-698,816,866,-424,630,595,63,510,620,-63,840,509,-59,305,477,-219,864,279,47,297,258,157,844,246,53,319,230,191,918,198,-111,232,193,-19,
811,781,-857,833,783,-836,835,780,-836,837,776,-836,829,799,-863,828,807,-863,826,815,-863,841,782,-579,822,840,-706,799,775,-747,793,792,-785,811,704,-368,743,899,-521,801,594,-565,749,1053,-550,824,635,-939,826,910,-328,833,641,-1012,838,879,-332,832,663,-994,826,874,-290,826,661,-944,812,882,-309,634,596,63,512,622,-62,843,507,-6,311,478,-205,864,278,175,297,258,181,844,245,190,319,230,214,920,198,39,233,193,-2,
810,803,-478,831,806,-453,834,802,-453,836,799,-453,825,822,-472,823,831,-472,821,839,-472,838,802,-240,814,864,-336,797,791,-394,790,810,-423,813,718,-104,729,906,-187,869,638,-116,725,1064,-45,838,771,-10,816,921,449,861,812,-20,837,892,492,832,811,36,819,886,541,828,800,8,805,893,470,637,596,62,513,622,-62,844,504,-2,316,478,-216,864,276,118,299,257,0,844,243,130,320,228,20,920,199,18,234,193,-158,
793,833,-490,820,833,-466,823,828,-466,827,824,-466,809,854,-480,806,862,-481,804,871,-481,831,820,-246,800,886,-319,784,814,-403,774,837,-425,812,733,-84,715,919,-171,885,649,-152,703,1077,-48,851,784,-148,799,934,412,860,829,-170,829,909,448,832,831,-104,807,902,502,824,806,-127,791,906,435,637,599,62,515,623,-62,844,502,-16,319,477,-222,864,275,128,301,256,2,843,243,144,321,229,24,922,198,42,237,192,-163,
783,854,-500,809,855,-477,813,849,-477,818,844,-477,797,874,-489,793,882,-489,790,890,-489,822,839,-259,786,901,-317,776,833,-413,764,855,-431,811,749,-96,703,925,-179,892,676,-214,684,1083,-100,847,803,-289,784,945,335,854,850,-319,816,920,365,826,843,-251,797,912,424,815,825,-270,781,916,360,638,603,59,516,623,-60,845,502,-29,319,477,-197,864,275,106,303,255,9,843,243,121,323,229,29,924,199,1,240,192,-167,
772,873,-603,798,877,-585,804,872,-585,809,867,-585,784,896,-582,780,902,-582,777,908,-582,816,859,-358,774,914,-375,768,850,-511,755,870,-507,811,764,-153,688,926,-222,914,697,-290,655,1083,-91,858,817,-326,762,961,386,855,854,-356,802,937,418,831,847,-290,785,926,474,823,832,-306,766,930,409,642,607,45,519,623,-46,846,502,-84,318,473,-210,865,278,139,304,257,91,844,247,165,328,230,123,925,199,35,242,193,-77,
770,894,-575,795,901,-552,800,897,-552,805,893,-552,780,916,-553,775,921,-553,770,927,-553,812,885,-319,765,931,-335,765,871,-480,750,887,-484,813,785,-108,675,931,-144,931,724,-165,630,1093,52,863,845,-44,746,979,571,854,882,-62,786,958,603,833,874,4,773,945,661,828,859,-21,756,947,593,646,613,35,520,623,-36,849,502,-172,318,472,-270,865,279,155,303,258,103,843,247,191,328,229,141,926,200,54,241,192,-62,
762,913,-650,785,922,-625,790,918,-624,795,915,-625,769,936,-624,764,940,-625,759,945,-625,803,910,-372,754,948,-368,759,891,-549,743,906,-550,812,808,-138,664,938,-181,929,743,-258,607,1096,1,863,868,-213,725,994,500,853,909,-242,769,976,529,835,901,-215,759,962,589,830,885,-212,742,963,523,648,618,30,522,626,-30,849,502,-260,319,469,-265,865,279,85,304,258,158,843,248,129,328,229,196,926,198,-57,241,193,-34,
757,927,-968,778,937,-940,783,934,-940,788,930,-940,761,950,-948,755,954,-948,749,959,-948,796,927,-662,740,965,-700,754,904,-857,736,919,-869,811,828,-400,650,947,-446,935,780,-520,573,1100,-290,859,900,-566,695,1009,195,843,932,-609,741,993,223,827,922,-548,735,977,285,825,907,-549,719,978,218,653,624,30,527,630,-30,849,496,-348,326,469,-261,865,275,-6,304,258,166,839,244,27,327,229,203,925,201,-188,241,200,-39,
743,944,-783,761,959,-755,767,955,-755,773,953,-755,744,969,-764,738,972,-764,732,976,-764,782,949,-500,723,979,-593,743,920,-681,723,934,-694,807,843,-278,637,951,-347,929,821,-380,544,1106,-139,846,934,-321,673,1023,368,823,964,-342,716,1009,392,809,954,-269,712,994,464,811,940,-296,699,994,393,659,625,25,530,632,-26,853,494,-347,328,470,-292,865,274,17,305,259,144,839,244,66,328,230,189,923,201,-122,241,198,-74,
727,955,-716,746,969,-673,753,965,-673,760,962,-673,726,979,-670,720,983,-671,713,987,-670,772,960,-396,706,992,-407,730,931,-612,707,944,-607,802,857,-158,620,961,-172,934,842,-158,517,1109,24,831,947,46,658,1034,501,802,969,36,699,1020,518,792,962,102,698,1007,589,796,951,69,683,1008,524,664,625,25,532,632,-26,864,493,-376,329,471,-332,865,274,60,305,262,140,839,243,119,328,231,176,923,200,-69,241,198,-69,
722,974,-668,739,988,-623,746,985,-623,752,983,-623,718,998,-624,710,1001,-624,703,1004,-624,761,978,-342,691,1005,-361,725,947,-566,699,959,-568,797,871,-130,605,963,-141,927,873,-92,491,1110,49,816,966,148,638,1040,544,787,986,136,675,1029,562,780,980,197,676,1016,630,786,970,169,663,1016,565,668,625,24,534,631,-24,870,493,-421,328,475,-356,866,274,62,305,264,91,842,244,124,328,234,132,923,202,-68,242,197,-116,
705,985,-744,720,1002,-704,728,999,-704,734,997,-704,699,1010,-701,692,1013,-702,684,1015,-701,745,991,-422,672,1015,-396,712,959,-642,684,968,-641,790,896,-192,594,962,-184,928,904,-163,473,1108,-9,804,990,69,617,1053,490,774,1015,57,656,1047,505,768,1007,116,658,1034,571,774,994,91,646,1031,510,673,626,22,537,631,-22,871,493,-330,334,476,-337,866,275,228,306,267,134,844,245,281,328,236,180,923,202,99,243,198,-68,
690,1000,-914,706,1018,-877,713,1015,-877,720,1013,-877,686,1024,-875,679,1026,-875,672,1028,-875,730,1004,-598,661,1024,-594,698,973,-811,671,979,-810,780,906,-402,581,961,-386,924,933,-489,454,1105,-303,784,1006,-307,607,1058,214,753,1027,-338,648,1059,224,745,1017,-265,650,1044,296,754,1006,-283,637,1039,235,680,630,12,540,634,-13,869,493,-331,338,479,-331,870,276,258,306,270,239,849,249,313,328,238,293,924,201,102,243,199,44,
677,1007,-932,690,1028,-897,697,1026,-896,703,1024,-897,671,1033,-894,664,1035,-895,657,1036,-894,714,1016,-629,647,1033,-625,686,982,-833,659,987,-830,770,920,-452,571,959,-438,913,958,-571,433,1104,-388,766,1022,-382,588,1063,120,734,1041,-413,628,1067,122,726,1029,-340,632,1051,198,735,1017,-359,620,1045,140,681,630,12,542,634,-12,871,492,-313,340,480,-337,872,278,331,306,270,259,851,250,388,329,238,315,925,201,187,244,199,78,
666,1021,-1099,679,1043,-1062,686,1041,-1062,692,1040,-1062,659,1046,-1060,652,1047,-1060,644,1048,-1060,702,1031,-781,631,1042,-773,675,995,-993,647,999,-990,757,940,-605,559,958,-592,908,979,-863,417,1092,-809,758,1039,-808,572,1065,-649,723,1055,-846,614,1074,-680,717,1040,-762,618,1057,-581,725,1030,-781,605,1049,-622,686,632,8,545,637,-8,875,491,-324,344,486,-350,873,279,356,306,274,302,852,252,417,329,242,363,924,200,187,248,202,117,
655,1028,-1002,666,1051,-965,671,1051,-965,677,1050,-965,647,1053,-965,639,1054,-965,631,1054,-965,685,1042,-694,616,1046,-693,663,1004,-900,636,1006,-900,745,954,-554,547,959,-550,888,1003,-881,400,1080,-915,727,1053,-849,554,1066,-910,693,1064,-892,594,1075,-968,688,1048,-803,598,1059,-862,698,1039,-822,587,1051,-886,692,631,8,547,639,-9,879,490,-350,348,491,-384,874,284,328,306,277,271,852,256,388,329,246,332,924,201,168,248,205,108,
639,1034,-1047,649,1059,-1011,654,1058,-1010,660,1058,-1011,630,1059,-1009,622,1058,-1009,614,1057,-1009,668,1051,-739,600,1050,-730,648,1011,-944,621,1011,-941,735,964,-603,535,960,-586,873,1025,-991,379,1074,-958,717,1067,-1045,535,1073,-964,681,1077,-1100,576,1085,-1021,677,1060,-1007,582,1069,-911,688,1051,-1019,570,1060,-937,694,632,5,548,640,-7,883,490,-355,352,490,-367,874,286,351,307,277,309,851,258,414,330,248,372,927,201,190,250,205,149,
631,1041,-957,638,1065,-926,644,1064,-926,649,1064,-926,619,1065,-927,611,1065,-927,603,1063,-927,654,1057,-656,588,1054,-673,640,1017,-854,613,1017,-856,720,971,-498,522,960,-491,857,1048,-823,363,1064,-848,700,1074,-817,521,1074,-895,665,1081,-863,561,1088,-958,659,1065,-776,569,1074,-846,669,1057,-792,558,1064,-868,697,635,6,551,641,-7,885,490,-367,352,489,-360,874,289,300,307,277,266,851,260,356,330,250,321,929,201,142,250,205,92,
618,1048,-839,624,1072,-797,630,1072,-797,635,1073,-797,605,1072,-793,598,1071,-793,590,1070,-793,642,1068,-531,576,1060,-506,629,1025,-740,603,1023,-733,712,981,-488,513,961,-412,839,1068,-796,355,1051,-860,682,1085,-821,508,1077,-1092,647,1090,-875,546,1093,-1180,642,1074,-792,554,1080,-1069,652,1067,-798,544,1069,-1067,699,637,3,552,642,-4,885,490,-396,354,489,-341,874,290,285,307,276,253,851,260,336,330,250,312,932,201,100,254,205,67,
609,1051,-766,614,1076,-723,620,1076,-722,625,1076,-722,594,1075,-719,586,1075,-720,578,1074,-720,630,1072,-456,562,1062,-439,620,1028,-668,593,1026,-664,702,988,-381,499,961,-342,825,1081,-718,341,1040,-796,665,1092,-719,492,1075,-1030,630,1097,-753,528,1094,-1119,624,1079,-676,539,1081,-1011,634,1072,-697,529,1070,-1006,701,643,3,553,646,-3,885,490,-388,356,489,-302,874,292,280,308,279,263,851,262,335,331,252,312,932,202,100,254,205,76,
601,1053,-891,604,1077,-842,609,1077,-841,614,1078,-841,584,1076,-843,576,1075,-843,567,1073,-843,619,1073,-546,550,1061,-543,613,1030,-782,587,1027,-783,695,988,-452,491,960,-459,817,1089,-809,338,1032,-1011,651,1098,-819,490,1075,-1292,616,1100,-869,523,1095,-1390,612,1082,-789,534,1084,-1271,623,1074,-797,525,1071,-1265,702,646,4,554,647,-4,884,490,-458,359,490,-344,876,295,262,308,284,247,852,265,326,331,256,297,932,203,62,255,207,49,
591,1054,-783,596,1079,-733,601,1079,-733,606,1080,-733,576,1077,-731,567,1076,-731,558,1074,-731,612,1076,-445,541,1062,-434,605,1031,-678,579,1027,-676,692,990,-354,486,960,-351,809,1097,-805,330,1022,-902,640,1098,-723,493,1072,-1176,607,1102,-762,522,1092,-1270,604,1084,-648,532,1080,-1143,614,1076,-681,525,1067,-1146,704,647,3,554,648,-4,885,490,-479,360,491,-348,877,296,258,308,286,251,853,266,323,332,257,303,931,204,65,258,208,70,
589,1054,-772,593,1079,-720,598,1080,-720,603,1080,-720,572,1077,-721,562,1075,-721,552,1073,-721,608,1075,-426,533,1060,-427,603,1031,-665,575,1027,-666,688,992,-334,480,959,-339,801,1100,-761,322,1016,-898,635,1099,-688,485,1072,-1161,601,1104,-729,518,1092,-1253,599,1087,-634,528,1080,-1129,609,1078,-657,521,1068,-1130,705,648,3,555,647,-4,886,492,-506,360,492,-370,876,297,239,308,287,252,853,267,307,332,262,307,932,205,56,259,209,85,
579,1056,-699,584,1080,-646,590,1080,-646,594,1081,-646,562,1078,-642,553,1077,-642,544,1075,-643,601,1075,-363,528,1062,-342,596,1032,-596,569,1029,-591,685,991,-283,478,959,-262,794,1094,-665,325,1007,-824,634,1095,-628,476,1070,-1082,600,1103,-669,506,1092,-1171,599,1088,-576,516,1079,-1047,609,1078,-597,509,1067,-1052,705,650,0,555,647,0,887,495,-531,359,494,-368,877,296,196,308,286,232,855,267,260,332,262,285,933,206,15,259,209,68,
571,1057,-701,578,1080,-650,584,1081,-650,589,1082,-650,556,1079,-645,546,1078,-645,537,1077,-645,597,1076,-370,524,1065,-342,589,1034,-599,562,1031,-592,681,997,-284,477,959,-256,794,1097,-665,322,1003,-800,632,1093,-654,471,1070,-1040,597,1101,-701,501,1091,-1128,596,1086,-601,511,1079,-1005,607,1077,-621,505,1066,-1011,705,652,-2,555,648,1,888,497,-512,359,496,-358,877,296,210,308,288,256,856,267,271,332,264,310,936,209,34,260,212,97,
567,1054,-854,574,1078,-808,581,1079,-807,586,1080,-807,552,1076,-803,542,1075,-804,533,1074,-804,594,1074,-524,521,1063,-502,586,1032,-750,558,1028,-745,681,995,-401,474,957,-389,798,1097,-718,319,1005,-884,640,1090,-654,469,1069,-1055,604,1098,-690,498,1092,-1135,603,1084,-591,508,1079,-1007,612,1075,-619,502,1066,-1023,705,654,-1,554,648,0,889,501,-522,358,496,-356,878,296,236,308,288,284,858,267,308,332,265,343,938,211,77,260,213,134,
564,1055,-841,572,1079,-793,578,1080,-793,584,1081,-793,550,1077,-785,540,1076,-786,531,1075,-786,593,1076,-517,518,1064,-483,583,1032,-743,555,1029,-732,680,997,-391,470,959,-379,798,1099,-697,325,1006,-871,635,1090,-616,470,1069,-985,600,1098,-649,501,1090,-1063,599,1084,-554,510,1078,-911,608,1076,-584,504,1065,-942,704,655,-1,553,648,0,889,502,-498,356,497,-334,879,296,240,308,291,287,859,267,310,332,267,344,940,212,81,260,213,144,
562,1056,-839,571,1080,-792,577,1081,-792,582,1082,-792,548,1078,-787,539,1078,-787,530,1077,-787,591,1077,-513,516,1066,-489,581,1033,-739,553,1029,-732,680,998,-393,468,962,-380,801,1102,-697,317,1006,-833,633,1090,-606,466,1068,-972,597,1097,-634,499,1090,-1042,597,1082,-540,507,1077,-883,606,1074,-574,501,1065,-921,704,656,-1,553,649,0,889,503,-494,356,498,-350,879,298,274,308,293,301,859,270,346,332,269,362,940,216,123,260,215,166,
560,1058,-814,568,1083,-764,575,1084,-763,581,1084,-763,545,1081,-756,536,1081,-757,527,1080,-757,591,1079,-481,514,1068,-449,580,1034,-713,551,1031,-704,680,997,-377,467,965,-352,802,1103,-691,319,1009,-821,636,1088,-588,467,1068,-978,601,1095,-615,500,1089,-1055,600,1081,-522,507,1077,-923,610,1073,-555,500,1065,-943,703,658,-1,551,650,1,888,503,-519,355,500,-374,879,299,267,308,295,294,859,272,336,333,272,356,939,217,110,261,216,151,
563,1057,-819,571,1082,-770,577,1083,-770,582,1083,-770,548,1080,-763,539,1080,-763,530,1079,-763,592,1078,-488,515,1068,-451,581,1034,-718,553,1031,-709,680,997,-379,467,966,-357,802,1102,-685,324,1011,-834,638,1088,-568,469,1069,-1002,604,1094,-590,501,1090,-1080,602,1081,-499,508,1078,-953,612,1074,-535,501,1066,-970,702,659,-2,548,650,1,888,504,-530,354,501,-384,879,301,264,308,298,294,859,274,334,333,274,356,940,218,104,261,218,152,
565,1058,-791,573,1082,-741,579,1083,-741,584,1084,-741,550,1081,-737,541,1081,-737,532,1081,-737,593,1079,-456,516,1070,-435,583,1035,-688,555,1032,-683,680,998,-347,464,967,-343,802,1102,-634,327,1011,-825,639,1089,-512,470,1072,-979,604,1095,-534,502,1093,-1056,602,1083,-444,508,1081,-932,612,1076,-480,500,1069,-948,699,661,-2,544,651,1,887,506,-526,352,503,-390,879,302,256,308,300,293,859,275,328,334,276,351,940,220,95,261,220,141,
566,1059,-719,574,1084,-666,580,1084,-665,585,1085,-665,552,1083,-661,543,1083,-661,534,1082,-661,594,1079,-376,518,1071,-355,584,1036,-615,556,1033,-610,681,998,-291,464,968,-275,803,1103,-590,328,1018,-801,640,1090,-452,470,1074,-981,605,1097,-477,503,1093,-1064,602,1085,-385,509,1081,-938,613,1078,-419,502,1070,-950,698,664,-2,542,654,1,887,507,-541,350,505,-421,879,305,255,308,301,289,859,279,327,334,278,348,939,222,94,261,221,139,
573,1067,-769,575,1090,-707,581,1090,-706,587,1090,-706,556,1091,-712,546,1090,-713,537,1089,-713,595,1084,-403,520,1077,-410,586,1042,-654,561,1041,-662,682,1000,-311,465,971,-340,804,1101,-667,326,1033,-877,641,1094,-577,472,1080,-1039,606,1101,-610,503,1096,-1121,603,1089,-510,510,1084,-996,613,1081,-543,502,1074,-1008,695,667,-1,539,657,0,886,510,-535,348,507,-439,879,308,255,308,304,285,859,282,326,334,281,345,939,224,92,262,223,136,
574,1067,-774,575,1090,-718,581,1090,-717,588,1090,-718,557,1090,-719,548,1090,-719,538,1089,-719,596,1084,-422,521,1077,-419,587,1042,-664,563,1041,-666,682,1001,-324,466,972,-335,808,1100,-657,327,1039,-854,641,1094,-535,473,1082,-1020,607,1102,-560,504,1098,-1099,604,1089,-463,511,1086,-975,614,1082,-501,503,1076,-989,694,668,-1,539,659,0,884,515,-566,348,511,-454,880,312,201,308,306,225,862,285,270,334,283,287,939,226,28,262,225,71,
577,1069,-791,577,1091,-737,584,1092,-736,590,1092,-737,559,1092,-738,550,1092,-738,540,1091,-738,597,1086,-432,522,1080,-436,589,1044,-679,565,1044,-683,683,1002,-327,467,976,-347,809,1099,-657,327,1044,-859,645,1097,-545,474,1086,-1020,608,1104,-571,506,1102,-1096,605,1093,-476,513,1090,-974,615,1085,-512,505,1079,-989,694,669,-1,539,661,0,884,516,-554,348,515,-448,881,313,210,308,310,226,863,286,279,335,286,288,939,228,37,262,228,71,
577,1069,-802,579,1091,-751,586,1091,-751,593,1092,-751,561,1092,-749,551,1092,-749,541,1092,-749,601,1086,-448,523,1081,-441,591,1045,-690,567,1045,-690,685,1004,-342,467,983,-348,811,1099,-667,328,1055,-872,650,1097,-550,477,1091,-1061,612,1105,-575,508,1107,-1140,607,1093,-480,514,1094,-1016,619,1085,-516,506,1083,-1029,694,669,-1,539,662,0,884,517,-566,347,516,-451,881,315,213,308,311,232,863,289,286,336,288,291,939,230,48,262,230,74,
580,1072,-714,582,1095,-662,589,1095,-662,596,1095,-662,562,1096,-659,553,1096,-659,542,1095,-659,604,1089,-369,523,1084,-355,594,1049,-608,569,1048,-606,687,1005,-274,467,986,-263,813,1099,-530,330,1062,-757,653,1101,-313,479,1093,-897,615,1108,-318,511,1110,-968,609,1094,-223,517,1096,-841,621,1087,-276,508,1085,-866,694,669,-2,539,663,1,884,518,-573,346,519,-454,881,319,210,309,313,230,864,292,283,338,290,292,939,231,49,262,231,81,
