531,1316,-740,543,1335,-711,550,1335,-711,557,1334,-711,522,1335,-708,516,1333,-708,509,1332,-708,566,1322,-488,502,1320,-475,545,1293,-653,517,1295,-650,632,1186,-305,439,1182,-291,643,1012,-168,408,1018,-170,640,857,-300,361,864,-312,649,808,-351,346,818,-368,635,808,-430,358,813,-445,629,824,-333,366,829,-346,582,892,2,464,895,-2,598,629,-22,443,643,-25,608,408,229,424,419,231,590,387,234,439,399,238,648,337,-56,385,345,-49,
531,1317,-685,543,1336,-652,550,1335,-652,557,1334,-653,522,1335,-650,515,1334,-650,509,1333,-650,566,1322,-425,501,1320,-412,546,1295,-598,517,1296,-595,632,1184,-257,439,1182,-235,643,1012,-144,404,1018,-129,659,859,-301,351,868,-300,667,811,-354,332,827,-358,656,809,-435,339,821,-441,650,826,-336,349,835,-338,582,888,1,464,894,-1,599,628,-31,443,643,-25,608,411,230,424,421,239,590,387,237,441,399,247,647,337,-56,385,347,-43,
531,1318,-695,543,1336,-662,550,1335,-662,557,1334,-662,522,1335,-660,515,1334,-660,509,1333,-660,566,1322,-428,501,1320,-422,546,1295,-606,517,1296,-604,632,1183,-257,439,1182,-237,649,1013,-135,392,1024,-128,684,861,-296,329,876,-301,697,812,-349,311,837,-359,689,809,-433,316,833,-445,681,826,-333,324,844,-339,582,887,1,464,894,-1,600,628,-27,443,643,-24,607,413,231,425,424,240,589,387,238,442,401,247,646,338,-56,386,349,-43,
531,1318,-728,543,1336,-693,551,1335,-693,557,1334,-693,522,1335,-693,515,1334,-693,509,1333,-693,566,1322,-445,501,1320,-453,546,1295,-635,517,1296,-636,631,1183,-263,439,1183,-258,662,1017,-142,373,1030,-165,719,863,-310,303,890,-352,738,816,-362,276,850,-410,731,813,-449,281,847,-503,723,829,-349,293,857,-395,583,886,2,465,893,-2,600,626,-20,444,643,-22,607,413,252,425,424,259,588,387,260,442,401,268,646,338,-35,387,349,-27,
531,1318,-746,543,1336,-712,551,1335,-712,557,1334,-713,522,1335,-711,515,1334,-711,509,1333,-711,566,1322,-467,501,1320,-465,547,1295,-654,517,1296,-653,632,1182,-269,439,1184,-278,682,1020,-161,358,1040,-196,759,872,-349,271,911,-403,780,827,-402,242,874,-465,775,824,-492,243,872,-559,767,839,-391,256,880,-448,583,884,6,465,893,-7,600,624,-5,444,642,-22,607,413,275,425,424,267,588,387,284,442,402,277,646,338,-5,387,350,-16,
531,1318,-771,543,1336,-738,550,1335,-738,557,1334,-738,521,1335,-735,514,1334,-736,508,1333,-735,566,1322,-491,500,1320,-485,547,1295,-677,517,1296,-675,633,1182,-269,440,1185,-299,707,1029,-164,340,1053,-220,798,897,-367,240,941,-441,825,851,-415,209,907,-503,823,851,-511,209,904,-597,814,864,-411,221,911,-487,583,884,13,465,893,-13,600,624,16,444,642,-22,607,414,287,425,425,262,588,387,295,442,403,271,646,338,5,387,350,-21,
530,1318,-711,542,1336,-677,550,1335,-677,557,1334,-677,520,1335,-674,513,1334,-674,507,1333,-674,566,1322,-432,500,1320,-422,547,1295,-619,516,1296,-615,633,1183,-231,440,1187,-245,723,1046,-143,323,1074,-184,818,940,-368,208,981,-402,853,907,-417,175,949,-462,852,901,-514,176,946,-553,837,910,-414,188,953,-446,584,885,14,465,893,-14,600,624,27,443,642,-23,606,415,277,425,425,233,587,387,284,442,403,240,646,338,-3,387,350,-49,
529,1317,-722,542,1336,-688,549,1335,-689,556,1334,-689,519,1335,-687,512,1334,-687,506,1332,-687,566,1322,-440,500,1319,-424,546,1295,-625,516,1296,-622,633,1186,-243,439,1190,-252,740,1069,-144,311,1103,-190,849,984,-374,180,1021,-420,884,952,-417,143,996,-476,886,947,-514,145,994,-571,872,956,-421,156,1000,-468,585,886,13,465,894,-13,600,625,26,443,642,-22,605,416,273,424,425,222,586,387,283,442,403,227,646,339,-8,387,350,-63,
528,1317,-704,541,1336,-670,549,1335,-670,556,1334,-670,518,1335,-670,512,1334,-670,505,1332,-670,566,1322,-427,499,1319,-422,546,1295,-611,515,1296,-610,634,1187,-230,439,1193,-254,761,1089,-144,295,1126,-208,891,1019,-376,160,1066,-435,924,993,-418,121,1044,-490,927,990,-514,121,1043,-581,915,998,-424,133,1047,-483,586,887,13,465,894,-14,600,627,33,443,643,-21,605,416,270,423,425,218,585,387,283,440,403,223,646,339,-13,387,350,-63,
528,1318,-635,541,1336,-596,549,1335,-596,556,1334,-597,518,1335,-598,512,1334,-598,505,1333,-598,566,1322,-349,499,1320,-356,546,1295,-543,515,1296,-545,635,1189,-179,437,1198,-202,773,1119,-134,278,1156,-190,913,1068,-373,141,1111,-419,951,1049,-417,100,1094,-475,956,1050,-512,100,1094,-566,940,1054,-421,114,1096,-468,586,888,13,465,894,-13,599,628,43,443,643,-17,605,416,270,422,426,221,585,387,278,439,403,227,646,339,-10,387,350,-60,
528,1318,-594,541,1335,-555,549,1335,-555,556,1334,-556,518,1335,-556,512,1334,-556,505,1333,-555,566,1322,-311,499,1320,-314,547,1295,-503,516,1296,-504,635,1195,-156,436,1204,-162,784,1149,-135,272,1189,-149,918,1121,-370,134,1164,-403,964,1102,-417,90,1153,-456,969,1102,-508,89,1154,-546,950,1106,-418,105,1154,-459,586,889,10,465,894,-10,598,629,36,443,643,-12,605,416,270,421,426,222,586,387,277,437,404,228,645,339,-8,388,350,-57,
528,1318,-619,541,1335,-584,549,1335,-585,556,1334,-585,518,1335,-580,512,1334,-580,505,1333,-580,566,1322,-346,499,1320,-324,547,1295,-530,516,1296,-523,635,1200,-186,435,1211,-160,795,1177,-183,269,1218,-134,935,1165,-426,130,1218,-380,979,1156,-477,87,1207,-432,983,1158,-567,86,1210,-519,969,1160,-474,100,1211,-434,586,889,0,464,894,0,598,630,18,443,643,3,605,416,261,420,425,244,586,387,267,435,403,248,645,338,-21,388,350,-38,
528,1318,-582,540,1336,-549,548,1335,-549,555,1334,-549,518,1335,-540,512,1334,-540,505,1333,-540,566,1322,-318,499,1320,-279,547,1296,-496,516,1296,-484,636,1208,-181,435,1215,-115,796,1211,-198,277,1246,-72,935,1216,-441,141,1265,-289,982,1211,-493,95,1261,-337,984,1215,-579,93,1266,-419,969,1214,-489,108,1265,-337,586,890,-14,464,894,14,598,632,-20,443,643,5,605,416,211,419,425,238,587,387,216,434,403,241,646,338,-77,387,350,-47,
528,1320,-502,539,1336,-464,547,1336,-464,554,1335,-464,518,1336,-456,512,1335,-456,506,1334,-456,565,1323,-235,499,1321,-201,546,1298,-420,516,1299,-409,636,1213,-125,436,1220,-63,787,1235,-189,285,1271,-8,924,1255,-426,152,1311,-135,970,1260,-485,109,1314,-173,976,1266,-554,107,1317,-238,959,1262,-468,120,1314,-175,586,890,-17,464,894,17,599,635,-28,443,646,2,606,416,197,418,426,228,587,387,202,433,404,230,646,339,-88,387,350,-56,
528,1325,-487,539,1339,-446,546,1339,-446,553,1337,-446,518,1339,-438,512,1338,-438,506,1337,-438,565,1324,-219,498,1324,-185,546,1302,-406,516,1303,-396,635,1216,-114,436,1225,-59,785,1258,-185,290,1298,3,925,1308,-415,162,1352,-66,970,1316,-476,121,1361,-99,976,1321,-538,120,1367,-154,960,1316,-455,133,1362,-102,586,891,-17,464,894,17,599,635,-32,443,647,0,607,416,199,417,426,220,588,387,205,431,404,221,648,339,-85,387,350,-66,
527,1326,-468,538,1340,-428,545,1339,-428,553,1338,-428,518,1340,-421,511,1339,-421,505,1338,-421,565,1324,-210,498,1325,-174,546,1302,-390,516,1304,-380,634,1219,-116,437,1227,-63,781,1284,-180,297,1317,-23,914,1346,-408,175,1390,-111,957,1362,-463,132,1403,-154,963,1368,-527,129,1410,-211,948,1363,-449,141,1404,-150,585,891,-19,463,894,19,599,635,-28,443,647,3,609,416,203,417,426,225,589,387,208,431,404,226,648,338,-89,386,350,-62,
525,1332,-453,536,1344,-409,543,1343,-409,551,1341,-409,517,1344,-402,511,1343,-402,505,1342,-402,564,1326,-192,499,1326,-159,544,1308,-378,515,1310,-369,632,1221,-120,441,1228,-66,780,1303,-195,317,1334,-44,904,1385,-406,195,1426,-130,946,1406,-458,159,1443,-178,949,1410,-526,156,1451,-224,935,1404,-449,166,1445,-166,585,891,-17,463,894,17,600,634,-29,443,646,-7,608,416,209,417,426,222,588,387,213,431,404,224,648,338,-79,386,349,-65,
524,1333,-461,535,1345,-420,542,1343,-420,550,1342,-420,516,1345,-411,510,1344,-411,505,1343,-411,564,1326,-207,498,1327,-165,544,1308,-385,514,1310,-373,631,1223,-125,445,1229,-69,772,1326,-196,332,1353,-71,894,1422,-404,219,1460,-239,932,1445,-462,185,1484,-317,934,1450,-525,183,1491,-348,924,1443,-446,194,1483,-276,585,892,-17,463,895,16,600,634,-2,442,647,7,608,416,225,418,426,241,588,388,229,434,403,244,648,339,-75,385,348,-44,
523,1330,-490,534,1344,-452,542,1343,-452,550,1341,-452,516,1344,-444,510,1343,-444,504,1342,-444,564,1326,-240,499,1326,-201,543,1306,-413,513,1308,-401,628,1226,-144,448,1233,-82,750,1339,-243,349,1367,-161,869,1456,-434,237,1480,-349,907,1484,-495,205,1505,-424,907,1490,-545,209,1512,-463,895,1483,-471,219,1504,-386,585,896,-16,463,900,16,600,635,-4,442,648,6,609,416,216,418,424,240,591,389,219,435,400,243,648,339,-85,384,348,-45,
523,1327,-633,534,1341,-598,542,1340,-598,550,1339,-598,516,1341,-590,510,1340,-590,505,1339,-590,564,1326,-387,499,1324,-347,543,1306,-553,514,1305,-542,628,1229,-292,455,1234,-254,736,1353,-389,372,1370,-330,838,1477,-550,272,1501,-494,871,1508,-612,239,1529,-567,869,1516,-656,247,1537,-604,857,1505,-583,259,1527,-527,584,898,-15,464,903,15,600,636,2,442,650,15,609,415,277,418,423,289,591,389,286,435,398,297,645,339,-19,385,348,7,
524,1319,-743,536,1337,-711,544,1336,-711,552,1336,-711,517,1335,-705,511,1333,-705,506,1332,-705,567,1323,-500,500,1320,-471,543,1299,-661,515,1296,-653,628,1228,-394,461,1233,-385,719,1364,-500,391,1379,-483,806,1499,-648,301,1527,-627,839,1533,-711,275,1558,-699,835,1540,-750,281,1566,-730,822,1527,-679,290,1554,-657,584,900,-7,464,905,7,600,638,34,442,651,37,608,415,317,418,422,323,590,389,327,435,397,332,645,340,26,386,348,49,
525,1318,-680,538,1335,-645,546,1335,-645,554,1334,-645,518,1333,-641,512,1331,-641,507,1329,-641,568,1322,-429,501,1318,-410,545,1297,-598,516,1295,-592,628,1228,-343,465,1233,-328,704,1369,-457,403,1388,-447,768,1511,-600,324,1542,-590,804,1550,-669,304,1574,-664,798,1555,-699,310,1581,-692,785,1543,-629,318,1569,-619,583,900,-8,464,905,8,600,638,53,442,651,66,608,415,351,418,423,381,590,389,362,435,397,393,643,341,61,386,348,115,
527,1325,-725,540,1339,-684,547,1338,-684,556,1337,-684,520,1336,-681,514,1334,-681,509,1332,-681,570,1323,-461,503,1320,-441,546,1303,-640,517,1301,-635,628,1230,-399,466,1234,-363,692,1383,-544,415,1393,-502,747,1538,-675,349,1549,-640,775,1572,-751,330,1583,-717,768,1578,-771,340,1587,-740,755,1566,-700,349,1576,-667,583,900,-12,464,905,11,600,636,66,442,650,112,608,409,418,420,422,492,590,384,434,436,398,511,643,339,124,388,347,234,
532,1329,-732,543,1342,-692,551,1341,-692,559,1340,-692,524,1339,-692,518,1337,-692,513,1335,-692,570,1324,-473,504,1322,-470,549,1308,-650,521,1307,-649,628,1235,-433,465,1241,-422,680,1386,-614,423,1398,-614,725,1550,-756,369,1563,-734,745,1585,-838,352,1603,-812,733,1590,-847,366,1604,-825,723,1580,-778,374,1592,-756,583,900,-12,464,905,11,601,635,61,442,650,106,609,407,391,420,419,470,590,382,406,437,395,488,645,335,104,388,340,218,
536,1330,-726,546,1342,-686,553,1341,-686,561,1340,-686,527,1340,-687,521,1338,-687,516,1336,-687,571,1324,-468,505,1323,-469,552,1309,-643,525,1308,-643,627,1237,-429,465,1243,-427,665,1392,-595,428,1406,-606,696,1561,-707,387,1574,-707,715,1598,-782,377,1610,-783,704,1600,-787,391,1613,-791,695,1590,-724,397,1602,-726,583,900,-11,464,905,11,603,635,79,442,650,111,609,407,415,421,419,479,590,382,432,437,395,498,644,335,149,388,340,239,
539,1330,-726,549,1343,-686,556,1342,-686,563,1341,-686,530,1341,-691,524,1339,-690,519,1338,-690,572,1325,-469,507,1324,-486,554,1310,-643,528,1309,-648,626,1238,-435,464,1244,-453,655,1393,-609,435,1414,-648,675,1558,-722,400,1587,-729,681,1595,-801,394,1618,-803,669,1599,-799,410,1624,-809,663,1589,-737,416,1615,-746,584,900,-10,464,904,9,605,633,76,441,648,105,609,407,409,422,418,461,590,382,426,437,393,479,644,333,157,387,338,227,
545,1332,-709,554,1345,-668,560,1344,-668,567,1344,-668,536,1344,-672,530,1343,-671,525,1342,-671,575,1328,-448,512,1328,-459,559,1313,-624,534,1313,-627,626,1243,-413,466,1247,-422,637,1407,-601,449,1416,-620,641,1568,-715,427,1586,-705,651,1600,-798,418,1617,-781,637,1603,-791,435,1625,-788,627,1593,-728,444,1617,-722,584,900,-10,464,904,9,605,633,80,441,648,105,609,408,425,422,417,473,588,383,443,436,393,493,643,333,164,387,336,229,
547,1333,-532,554,1346,-492,561,1346,-492,567,1346,-492,537,1345,-494,531,1345,-494,527,1344,-494,575,1332,-287,513,1330,-294,560,1313,-454,535,1314,-456,626,1246,-286,468,1249,-281,624,1412,-486,461,1415,-493,624,1568,-561,449,1584,-531,630,1595,-644,439,1614,-605,612,1598,-627,458,1622,-601,602,1590,-569,466,1612,-543,585,899,-10,464,904,10,606,631,74,441,646,97,609,408,398,422,415,441,586,385,414,436,391,458,643,333,140,386,334,199,
546,1337,-471,554,1349,-431,561,1349,-431,567,1348,-431,536,1348,-432,531,1347,-432,526,1346,-432,575,1334,-231,513,1330,-234,560,1317,-396,535,1318,-397,626,1249,-237,468,1249,-228,615,1419,-429,465,1415,-421,604,1574,-517,461,1583,-475,602,1599,-598,456,1613,-548,586,1603,-585,473,1620,-546,581,1595,-526,479,1610,-488,585,899,-11,464,904,11,606,629,71,440,644,94,609,409,392,422,414,429,585,385,405,437,390,445,642,333,128,385,334,195,
546,1338,-455,554,1350,-414,560,1350,-413,567,1349,-414,536,1350,-414,530,1349,-414,525,1348,-413,575,1335,-210,513,1330,-205,560,1317,-379,534,1318,-378,626,1249,-227,468,1248,-199,604,1417,-428,471,1416,-395,587,1568,-530,479,1587,-457,582,1596,-615,482,1618,-533,571,1601,-605,493,1622,-530,568,1593,-540,495,1612,-470,586,899,-13,464,904,12,607,629,69,440,643,94,609,409,389,422,412,430,584,385,405,437,388,447,642,333,141,385,334,200,
545,1339,-428,554,1352,-387,560,1352,-387,567,1351,-387,536,1351,-388,530,1350,-388,525,1348,-388,574,1336,-188,511,1330,-186,560,1319,-354,534,1319,-353,626,1250,-205,468,1248,-185,598,1420,-403,475,1415,-382,567,1572,-501,484,1586,-439,553,1599,-584,490,1618,-511,548,1603,-569,496,1621,-505,548,1595,-509,498,1611,-450,586,898,-13,464,904,13,607,629,57,440,643,92,608,410,384,422,411,427,583,386,401,437,388,445,642,333,141,385,333,200,
545,1338,-392,553,1351,-350,560,1351,-350,567,1351,-350,536,1350,-351,530,1349,-351,525,1348,-351,574,1336,-149,510,1329,-146,559,1318,-316,534,1317,-316,625,1250,-170,468,1248,-146,589,1419,-361,479,1412,-349,549,1574,-441,495,1583,-398,533,1602,-522,502,1613,-472,531,1605,-505,505,1616,-462,535,1595,-448,505,1606,-409,586,898,-14,464,904,13,607,629,31,440,642,84,608,412,374,424,412,424,583,387,394,440,388,442,642,333,133,385,333,194,
545,1337,-359,553,1351,-317,560,1351,-317,567,1351,-317,535,1349,-316,529,1348,-316,524,1347,-316,574,1336,-120,509,1328,-110,559,1317,-284,533,1316,-282,624,1250,-146,468,1248,-110,588,1416,-338,480,1411,-310,540,1573,-406,501,1579,-355,523,1602,-487,509,1608,-430,523,1605,-468,510,1612,-418,527,1595,-412,510,1602,-365,586,898,-15,464,904,15,607,630,22,440,642,82,608,413,354,425,412,418,583,388,374,442,388,436,642,333,126,385,333,190,
545,1337,-331,553,1351,-290,560,1351,-290,567,1351,-290,535,1349,-289,529,1348,-289,524,1347,-289,574,1336,-93,509,1328,-83,559,1316,-257,533,1316,-255,624,1251,-123,469,1248,-86,583,1414,-316,480,1410,-290,536,1574,-383,499,1578,-336,520,1602,-464,506,1606,-412,520,1604,-446,508,1610,-400,523,1595,-390,508,1601,-347,586,898,-16,464,904,16,607,630,6,440,642,74,608,413,337,425,412,405,583,389,356,443,389,423,642,333,110,385,333,184,
544,1337,-379,553,1351,-338,560,1351,-338,566,1351,-338,535,1349,-338,529,1348,-338,524,1347,-338,574,1336,-137,509,1328,-134,558,1317,-303,533,1317,-302,624,1252,-157,469,1248,-128,584,1414,-345,478,1411,-324,540,1576,-426,496,1582,-377,524,1602,-507,503,1610,-451,523,1606,-492,506,1613,-443,527,1597,-435,505,1604,-389,586,898,-17,464,904,17,607,630,12,440,643,74,608,414,340,426,412,412,583,389,361,444,389,431,642,334,117,384,333,190,
544,1337,-389,553,1351,-348,560,1351,-348,566,1351,-348,534,1350,-350,529,1349,-350,523,1347,-349,574,1336,-148,509,1328,-148,558,1317,-314,532,1317,-314,624,1252,-169,470,1248,-141,586,1416,-357,476,1412,-336,544,1576,-445,490,1584,-394,528,1603,-526,496,1614,-466,526,1606,-512,499,1617,-460,529,1597,-454,500,1607,-405,586,899,-17,464,905,17,607,633,15,440,644,74,608,415,342,426,413,412,583,391,363,443,390,431,642,335,116,384,333,188,
544,1339,-449,553,1352,-409,559,1352,-409,566,1352,-409,534,1351,-413,529,1349,-413,523,1348,-413,574,1336,-210,509,1328,-219,558,1319,-372,532,1319,-375,624,1252,-225,470,1248,-214,591,1417,-426,474,1413,-416,554,1575,-534,485,1587,-473,540,1601,-617,490,1617,-541,537,1605,-601,495,1621,-539,538,1596,-542,497,1611,-485,586,900,-17,464,906,17,607,635,36,440,645,80,608,416,350,426,413,416,583,391,368,443,390,434,641,335,117,384,333,189,
544,1342,-366,553,1354,-324,560,1353,-324,567,1353,-324,534,1352,-325,528,1351,-325,523,1350,-325,574,1337,-130,509,1330,-127,558,1321,-294,532,1322,-294,624,1252,-164,469,1248,-127,593,1417,-368,473,1413,-320,558,1573,-476,481,1586,-391,547,1599,-563,485,1617,-464,546,1602,-548,492,1621,-464,547,1594,-485,494,1611,-405,586,900,-22,464,906,22,607,636,32,440,645,85,609,415,333,427,413,414,584,390,348,444,390,430,641,335,91,384,333,188,
544,1343,-391,553,1355,-349,560,1355,-349,567,1355,-349,534,1354,-351,528,1353,-351,523,1352,-351,574,1339,-144,509,1333,-150,558,1323,-314,532,1323,-316,624,1252,-192,469,1249,-142,595,1416,-407,466,1415,-321,574,1571,-512,473,1587,-394,571,1598,-600,468,1619,-468,558,1601,-585,487,1623,-468,553,1593,-520,494,1613,-409,586,899,-25,464,906,24,607,637,38,440,645,101,609,415,338,427,413,427,585,390,352,444,389,443,641,335,93,384,333,203,
544,1344,-483,553,1356,-443,560,1355,-443,567,1355,-443,534,1354,-443,528,1353,-443,523,1352,-443,574,1339,-242,509,1334,-239,559,1324,-408,532,1324,-407,624,1252,-259,467,1249,-212,602,1415,-451,456,1417,-370,594,1572,-552,442,1588,-451,597,1600,-635,433,1619,-524,579,1603,-624,453,1624,-529,571,1594,-562,464,1615,-468,586,899,-24,464,905,24,607,637,53,440,644,110,609,415,367,427,413,446,585,390,382,444,389,463,641,335,120,384,333,220,
544,1340,-618,553,1354,-579,560,1354,-579,567,1354,-579,534,1352,-583,528,1351,-583,523,1350,-583,574,1338,-371,509,1334,-384,558,1320,-537,532,1320,-541,624,1250,-360,466,1249,-347,616,1415,-547,442,1417,-515,622,1572,-666,413,1587,-594,628,1599,-749,404,1618,-665,609,1602,-743,422,1622,-674,600,1594,-679,432,1613,-611,586,898,-21,464,904,21,607,637,61,440,644,108,609,416,401,427,414,460,585,391,420,443,390,479,641,335,155,384,334,231,
543,1332,-666,552,1349,-630,559,1349,-630,567,1349,-630,534,1347,-631,528,1346,-631,522,1345,-631,574,1335,-428,509,1332,-428,558,1312,-587,531,1311,-587,624,1246,-411,466,1247,-374,632,1414,-589,434,1416,-515,653,1573,-700,390,1584,-591,660,1601,-778,376,1616,-660,647,1606,-777,392,1621,-671,640,1597,-714,399,1611,-610,586,896,-20,464,901,20,608,637,66,440,642,117,609,416,412,426,414,471,585,392,432,443,391,491,641,335,171,383,334,247,
540,1332,-733,550,1348,-697,557,1348,-697,564,1348,-697,531,1346,-699,526,1345,-699,520,1345,-699,574,1334,-490,508,1332,-494,556,1312,-653,529,1310,-654,624,1245,-457,466,1247,-437,658,1414,-634,424,1414,-590,684,1578,-752,366,1575,-675,696,1613,-829,348,1609,-741,685,1616,-831,364,1614,-752,678,1607,-769,372,1602,-694,586,896,-14,465,901,13,608,637,73,440,642,113,609,418,423,426,414,466,585,393,443,442,391,484,641,336,176,384,334,236,
539,1331,-748,548,1348,-711,555,1348,-711,563,1347,-711,530,1346,-713,525,1345,-713,520,1344,-713,573,1333,-506,508,1332,-511,554,1311,-669,528,1309,-671,625,1243,-470,466,1243,-449,671,1408,-631,412,1408,-588,714,1577,-765,336,1565,-686,733,1610,-838,313,1598,-746,718,1614,-851,326,1603,-763,709,1606,-786,337,1591,-708,587,894,-7,465,899,6,608,637,87,440,642,116,609,420,427,426,414,461,585,394,446,442,391,479,641,336,177,384,334,231,
535,1326,-699,545,1345,-665,553,1345,-665,561,1345,-665,527,1343,-665,522,1342,-665,516,1342,-665,573,1331,-468,507,1331,-465,551,1306,-622,524,1304,-621,626,1242,-423,466,1241,-398,686,1404,-575,394,1404,-533,747,1576,-698,314,1552,-636,768,1610,-772,292,1585,-694,758,1614,-781,303,1593,-710,746,1605,-719,313,1580,-658,587,893,-6,465,898,5,608,637,83,440,642,114,608,420,402,426,415,422,584,394,417,441,391,435,641,336,149,384,334,189,
532,1325,-658,543,1344,-622,550,1344,-621,558,1344,-622,524,1342,-623,519,1341,-623,513,1341,-623,571,1330,-421,506,1331,-423,548,1305,-580,521,1303,-580,626,1237,-413,465,1236,-372,700,1391,-503,381,1392,-443,772,1557,-648,288,1533,-601,796,1595,-703,261,1570,-645,788,1601,-745,271,1579,-674,776,1589,-687,282,1564,-640,587,892,-4,465,896,3,608,637,76,440,642,93,607,420,360,426,415,370,583,394,373,441,391,381,641,336,105,385,333,133,
532,1323,-607,542,1343,-571,550,1343,-571,558,1342,-571,524,1341,-572,518,1340,-572,512,1339,-572,570,1330,-378,504,1330,-381,548,1302,-535,521,1301,-535,626,1236,-318,460,1233,-314,715,1379,-407,367,1381,-402,808,1524,-557,256,1509,-579,842,1561,-615,219,1539,-625,834,1569,-652,226,1547,-668,821,1554,-591,240,1536,-632,587,889,1,465,894,-1,609,637,83,440,641,85,608,420,354,426,415,353,583,393,365,441,391,364,642,336,100,385,334,119,
532,1323,-560,542,1343,-527,550,1343,-527,557,1342,-528,524,1341,-523,518,1340,-523,512,1339,-523,569,1329,-349,503,1329,-326,547,1303,-493,521,1302,-485,629,1235,-294,457,1231,-248,734,1364,-386,348,1367,-319,848,1503,-542,228,1482,-475,878,1537,-596,194,1509,-527,873,1544,-637,197,1516,-559,860,1531,-576,210,1507,-510,587,889,1,465,893,-1,609,633,24,440,641,55,609,416,277,426,415,310,585,389,287,440,391,319,643,333,17,385,334,80,
530,1319,-730,539,1340,-699,546,1340,-699,554,1340,-699,522,1337,-689,517,1336,-689,511,1335,-689,566,1328,-488,503,1324,-441,545,1300,-648,521,1299,-634,631,1233,-374,453,1231,-277,746,1343,-419,330,1349,-328,876,1474,-622,188,1456,-500,909,1506,-681,158,1482,-554,904,1514,-749,159,1488,-603,891,1501,-667,170,1479,-513,587,889,-8,465,894,8,609,633,16,440,642,59,612,413,303,426,416,342,590,386,315,441,392,353,643,335,16,386,335,89,
529,1318,-693,539,1337,-660,546,1338,-660,554,1338,-660,522,1334,-653,516,1333,-653,510,1332,-653,566,1326,-446,503,1321,-414,545,1299,-611,520,1298,-601,633,1230,-326,452,1227,-255,761,1326,-342,315,1328,-215,898,1437,-568,178,1412,-376,934,1466,-627,141,1432,-429,930,1475,-712,139,1439,-488,917,1465,-618,153,1431,-415,587,889,-9,466,894,9,609,632,1,440,644,26,612,411,302,426,416,312,591,385,314,440,393,321,643,335,7,390,335,34,
529,1318,-707,539,1337,-669,546,1338,-669,554,1338,-669,521,1335,-666,515,1333,-666,508,1332,-666,566,1326,-439,501,1321,-424,545,1299,-620,519,1298,-616,633,1223,-311,447,1221,-265,773,1306,-338,299,1313,-252,924,1395,-558,163,1372,-403,960,1419,-616,123,1387,-454,963,1427,-700,119,1393,-516,951,1418,-607,130,1386,-444,588,889,-7,466,893,6,609,632,1,443,645,28,611,411,311,426,416,310,591,385,325,440,393,317,643,338,24,391,338,21,
529,1318,-684,539,1336,-648,546,1336,-648,554,1336,-648,521,1334,-645,515,1333,-645,508,1332,-644,566,1325,-400,500,1320,-395,545,1298,-608,519,1297,-600,633,1221,-242,443,1220,-227,781,1286,-255,292,1296,-200,935,1354,-474,143,1334,-392,975,1376,-531,105,1343,-447,977,1381,-614,103,1349,-517,966,1373,-525,113,1344,-437,588,889,-5,466,893,5,608,632,-20,445,645,-15,611,411,265,427,415,236,591,385,274,444,392,239,643,339,-34,392,338,-68,
530,1317,-677,540,1336,-642,547,1336,-642,554,1336,-642,521,1334,-637,515,1333,-636,508,1331,-636,566,1325,-384,500,1320,-387,546,1297,-593,519,1295,-595,633,1219,-224,439,1219,-226,789,1267,-232,285,1276,-225,943,1308,-456,135,1294,-415,984,1327,-512,94,1299,-473,989,1333,-596,91,1303,-572,976,1325,-506,103,1299,-464,589,890,-1,466,894,1,607,632,-26,446,646,-27,611,411,233,427,416,200,592,386,240,444,393,201,645,340,-58,392,340,-102,
530,1316,-708,540,1335,-672,547,1335,-672,554,1336,-672,521,1333,-669,515,1332,-669,508,1331,-669,566,1325,-413,500,1320,-410,546,1296,-614,520,1294,-613,635,1219,-249,438,1219,-240,798,1250,-259,276,1251,-229,948,1270,-467,128,1247,-434,992,1280,-518,88,1249,-489,1000,1286,-604,85,1251,-575,985,1281,-517,98,1247,-475,589,890,0,466,894,0,607,632,-18,447,647,-13,611,411,233,428,417,220,593,386,238,445,393,222,646,340,-62,392,343,-77,
530,1312,-703,540,1333,-670,547,1334,-670,554,1334,-670,521,1330,-667,515,1329,-667,508,1328,-667,566,1324,-421,500,1319,-413,546,1293,-610,520,1290,-607,637,1217,-246,438,1219,-245,806,1231,-246,272,1228,-242,960,1234,-460,124,1205,-475,1002,1242,-514,83,1201,-534,1008,1247,-601,80,1203,-632,994,1240,-509,94,1201,-528,590,890,0,466,894,0,606,632,-15,447,647,-7,611,411,246,427,417,221,593,387,252,445,394,223,646,340,-45,392,343,-73,
530,1311,-666,540,1332,-629,547,1333,-629,554,1333,-629,521,1329,-630,515,1328,-630,508,1327,-630,566,1324,-368,500,1318,-373,547,1291,-567,520,1289,-568,638,1213,-182,436,1217,-209,801,1207,-165,272,1201,-197,948,1192,-387,133,1162,-442,992,1196,-439,93,1153,-503,999,1200,-531,91,1152,-611,983,1196,-438,105,1152,-495,590,891,7,466,894,-7,605,631,22,447,647,-16,612,411,258,426,418,214,593,386,266,444,395,217,647,340,-31,392,343,-77,
531,1311,-649,541,1332,-610,547,1333,-611,554,1333,-611,522,1329,-613,515,1328,-613,508,1327,-613,566,1324,-351,500,1318,-360,548,1291,-551,520,1289,-554,638,1209,-171,435,1211,-204,804,1179,-144,276,1178,-195,942,1155,-369,139,1119,-441,987,1155,-421,100,1111,-500,995,1158,-513,99,1109,-604,978,1154,-419,112,1107,-493,590,891,8,466,894,-8,605,631,26,447,647,-18,612,411,259,426,420,214,593,386,264,444,397,217,647,340,-29,391,345,-75,
531,1319,-545,540,1338,-504,547,1338,-504,554,1338,-505,521,1336,-504,515,1335,-504,508,1333,-504,566,1326,-266,499,1321,-265,548,1298,-459,519,1295,-458,638,1205,-124,435,1206,-139,797,1161,-102,282,1155,-126,932,1119,-313,148,1087,-346,975,1111,-358,110,1072,-399,982,1112,-446,109,1070,-488,964,1111,-361,122,1071,-394,590,891,7,466,894,-7,604,632,25,447,648,-22,611,411,238,426,421,198,593,386,241,443,398,200,647,340,-40,390,345,-83,
529,1323,-591,539,1340,-553,547,1340,-553,554,1340,-553,520,1338,-552,513,1337,-552,507,1335,-552,566,1326,-315,499,1321,-311,546,1301,-503,515,1298,-502,638,1199,-165,434,1202,-176,794,1136,-130,285,1133,-167,930,1075,-353,155,1055,-388,972,1063,-399,117,1038,-444,978,1064,-491,119,1035,-523,961,1064,-402,132,1038,-435,590,891,8,466,894,-8,603,632,31,447,648,-17,611,412,246,425,421,216,593,386,252,443,398,219,647,340,-33,388,346,-66,
528,1323,-604,539,1340,-565,546,1340,-565,554,1340,-566,519,1338,-565,513,1337,-565,506,1335,-565,566,1326,-327,499,1321,-324,545,1301,-515,515,1298,-514,638,1195,-162,434,1197,-182,782,1117,-102,291,1114,-157,916,1052,-314,172,1025,-375,959,1033,-357,137,1006,-428,965,1033,-447,137,1002,-516,950,1036,-361,151,1005,-422,590,891,7,466,895,-7,603,632,29,447,647,-17,610,413,250,425,421,215,592,386,256,443,398,219,647,340,-30,388,346,-68,
528,1321,-607,539,1339,-579,546,1339,-579,553,1339,-579,519,1337,-573,512,1336,-573,506,1334,-573,566,1326,-352,499,1321,-327,545,1300,-521,515,1297,-518,638,1193,-174,436,1197,-188,772,1097,-94,306,1100,-143,894,1014,-307,197,1000,-359,934,996,-349,161,974,-411,940,993,-442,160,970,-501,927,995,-353,173,975,-405,590,891,7,466,895,-7,603,632,14,447,647,-25,610,413,224,425,421,197,592,386,227,443,398,201,647,340,-61,388,346,-86,
528,1321,-642,539,1339,-611,546,1339,-611,553,1339,-611,519,1337,-607,512,1336,-607,506,1334,-607,566,1326,-373,499,1321,-358,545,1300,-552,515,1297,-548,637,1194,-182,437,1195,-191,754,1083,-89,319,1081,-144,859,991,-302,217,969,-362,900,961,-346,182,941,-417,903,957,-441,178,936,-510,889,963,-348,192,942,-409,590,892,7,466,896,-7,603,632,5,447,647,-30,610,414,216,425,422,194,592,386,218,443,399,197,647,340,-76,388,347,-93,
527,1321,-649,539,1340,-616,546,1340,-616,553,1339,-616,518,1338,-613,512,1336,-613,505,1335,-613,566,1326,-379,499,1322,-367,545,1300,-559,514,1298,-556,636,1193,-185,437,1195,-191,738,1064,-94,335,1066,-144,840,958,-301,242,945,-358,877,927,-347,208,914,-414,879,922,-442,206,908,-506,866,930,-347,219,915,-404,590,892,7,466,896,-7,603,631,3,447,646,-32,610,414,220,425,422,199,592,387,223,443,399,203,647,339,-69,388,347,-88,
526,1321,-654,538,1340,-620,546,1339,-620,553,1339,-620,518,1338,-617,511,1336,-617,505,1335,-617,566,1326,-383,499,1322,-370,545,1300,-565,513,1298,-561,636,1190,-188,438,1189,-195,728,1045,-96,347,1054,-125,818,929,-295,266,928,-340,853,899,-346,234,895,-400,854,896,-439,235,891,-494,839,903,-339,249,899,-386,590,891,7,467,896,-7,603,630,-8,447,645,-37,610,414,216,425,422,203,592,387,219,443,399,207,647,339,-75,388,347,-86,
527,1320,-740,539,1339,-707,547,1339,-707,554,1338,-707,518,1337,-706,511,1336,-706,505,1334,-706,566,1325,-471,499,1322,-467,545,1298,-650,513,1297,-648,636,1185,-269,438,1184,-282,711,1036,-119,357,1038,-182,797,908,-315,289,907,-377,829,870,-365,258,871,-439,830,869,-456,259,869,-536,818,879,-359,273,877,-420,590,891,7,467,895,-7,602,630,-11,447,645,-33,610,414,221,426,422,218,592,387,225,443,399,223,647,339,-71,388,348,-75,
528,1320,-810,540,1339,-779,548,1339,-779,555,1338,-779,518,1337,-777,512,1336,-778,505,1334,-778,566,1325,-545,499,1322,-539,546,1298,-721,513,1297,-719,636,1181,-337,438,1183,-356,697,1025,-187,371,1030,-258,776,886,-333,309,889,-439,809,848,-379,282,853,-497,808,848,-474,285,850,-589,797,858,-372,296,859,-481,590,887,8,467,894,-8,602,626,-4,447,643,-18,610,414,250,427,421,254,592,386,255,444,399,261,647,338,-40,388,348,-34,
528,1319,-757,541,1338,-724,548,1338,-724,555,1337,-724,518,1337,-722,512,1336,-723,505,1334,-722,566,1324,-493,499,1321,-486,546,1297,-668,513,1296,-667,636,1180,-301,438,1181,-314,680,1020,-182,387,1031,-230,746,875,-314,333,883,-402,776,834,-362,309,847,-462,770,832,-453,315,843,-548,759,845,-353,327,853,-440,589,886,8,467,893,-8,602,625,-6,447,643,-18,610,414,247,427,421,247,592,386,253,445,399,253,648,338,-42,387,348,-40,
528,1319,-706,541,1338,-677,548,1338,-677,555,1337,-677,519,1337,-674,512,1336,-674,505,1334,-674,566,1324,-473,499,1321,-459,546,1297,-623,513,1296,-621,636,1180,-280,440,1180,-309,667,1017,-118,401,1025,-182,721,866,-251,354,879,-340,747,829,-297,332,842,-398,743,824,-385,341,838,-479,732,837,-290,352,849,-377,588,886,8,467,893,-8,602,623,-14,447,643,-28,610,414,235,428,421,230,591,386,240,446,399,236,647,338,-52,386,348,-52,
528,1319,-657,541,1338,-627,548,1338,-627,555,1337,-627,518,1337,-623,512,1336,-623,505,1334,-623,566,1324,-412,499,1321,-397,546,1297,-573,513,1296,-570,636,1180,-229,441,1180,-241,659,1017,-79,416,1022,-127,698,867,-216,377,874,-291,720,823,-264,357,833,-351,714,817,-349,367,830,-432,704,832,-253,376,843,-328,588,887,8,467,894,-8,602,623,-36,447,643,-43,608,414,222,428,421,216,588,386,229,446,399,223,647,338,-64,386,348,-68,
527,1319,-655,541,1339,-624,548,1338,-624,555,1338,-624,518,1337,-621,512,1336,-621,505,1335,-621,567,1324,-402,500,1321,-387,545,1297,-570,514,1297,-566,637,1179,-219,442,1181,-231,649,1012,-78,427,1027,-126,678,865,-217,391,883,-285,694,818,-265,375,845,-345,687,813,-350,384,841,-425,677,830,-254,392,853,-322,587,887,8,467,894,-8,602,623,-38,447,643,-49,607,414,224,428,421,217,586,386,230,446,399,223,647,339,-63,385,348,-69,
527,1318,-742,541,1338,-711,549,1338,-710,555,1337,-711,518,1337,-709,512,1336,-709,505,1334,-709,567,1323,-479,500,1320,-471,545,1296,-653,514,1296,-651,639,1175,-287,443,1181,-297,649,1006,-139,429,1022,-180,661,860,-247,402,878,-296,671,813,-296,393,839,-359,662,808,-361,400,836,-441,654,825,-260,406,848,-338,586,886,8,467,894,-8,602,625,-34,447,645,-45,606,415,224,428,422,223,586,387,231,446,400,230,645,339,-63,386,349,-68,
528,1318,-830,542,1338,-800,550,1338,-800,557,1337,-800,519,1337,-799,512,1336,-799,505,1334,-799,569,1323,-562,500,1320,-555,547,1296,-737,514,1296,-735,640,1174,-342,443,1181,-355,645,1010,-157,431,1023,-201,641,871,-260,412,883,-318,640,828,-303,408,845,-375,633,824,-379,415,842,-454,630,838,-288,420,853,-356,586,888,8,467,897,-8,602,630,-35,447,646,-43,607,415,225,427,423,230,587,387,231,445,400,237,646,339,-83,386,349,-70,
529,1318,-895,543,1338,-866,551,1338,-866,558,1337,-866,519,1337,-864,512,1336,-864,505,1334,-864,569,1323,-622,500,1320,-612,548,1296,-799,514,1296,-797,641,1174,-393,443,1180,-398,646,1011,-210,433,1022,-241,643,870,-319,413,881,-363,642,829,-359,410,843,-414,634,825,-439,416,840,-494,630,840,-351,421,852,-398,586,889,6,467,898,-6,601,634,-41,447,647,-36,608,415,222,427,424,243,589,387,227,445,401,249,646,338,-99,386,349,-69,
528,1318,-883,543,1338,-854,551,1337,-854,558,1336,-854,519,1336,-851,512,1335,-852,505,1334,-852,569,1322,-615,500,1320,-601,547,1295,-789,514,1295,-785,641,1174,-396,443,1180,-393,647,1011,-233,434,1023,-254,652,867,-355,411,885,-389,656,825,-400,407,846,-444,646,823,-483,413,844,-524,640,838,-388,417,856,-424,586,889,6,466,898,-6,599,634,-46,447,648,-36,608,415,211,427,425,241,589,387,216,445,402,247,647,337,-108,386,349,-71,
528,1317,-883,543,1337,-853,551,1337,-853,558,1336,-853,519,1336,-852,512,1335,-852,505,1333,-852,569,1322,-610,500,1319,-603,547,1294,-788,514,1295,-786,641,1174,-391,443,1181,-399,651,1010,-229,432,1024,-267,657,866,-357,409,886,-405,662,824,-403,404,848,-462,651,822,-487,410,845,-542,645,836,-391,414,857,-441,586,890,7,466,899,-7,598,635,-43,447,649,-36,608,416,219,426,425,242,589,388,226,444,402,249,646,337,-105,386,349,-67,
528,1316,-838,543,1337,-812,551,1337,-812,558,1336,-812,519,1336,-811,512,1334,-811,506,1333,-811,569,1322,-584,501,1319,-578,547,1293,-747,514,1294,-746,641,1175,-379,444,1181,-392,651,1008,-205,431,1024,-233,661,866,-326,403,884,-359,667,823,-373,396,846,-415,655,822,-454,402,844,-495,648,836,-358,408,855,-394,586,890,8,466,899,-8,598,635,-43,447,649,-41,608,416,220,425,426,240,588,388,228,442,403,248,646,337,-95,386,349,-67,
528,1316,-821,543,1337,-792,551,1336,-792,558,1335,-792,519,1335,-791,513,1334,-791,506,1333,-791,569,1322,-559,501,1319,-552,547,1293,-729,515,1294,-728,641,1175,-355,444,1181,-365,650,1009,-197,431,1026,-228,662,867,-324,401,886,-360,668,825,-370,393,848,-416,656,823,-452,400,846,-495,650,837,-357,406,857,-395,586,890,8,466,899,-9,598,635,-42,447,650,-43,608,417,220,424,426,232,588,388,227,441,403,240,646,337,-91,386,349,-71,
528,1316,-732,542,1337,-700,551,1336,-700,558,1335,-700,520,1335,-699,513,1334,-699,507,1333,-699,569,1321,-468,501,1319,-464,547,1293,-642,515,1294,-642,640,1175,-279,444,1181,-294,649,1008,-139,430,1024,-178,662,866,-282,400,883,-325,669,824,-332,391,844,-384,657,822,-414,399,842,-462,650,837,-317,406,854,-360,586,890,8,466,898,-9,598,635,-41,447,650,-47,608,417,220,424,427,229,588,388,227,440,403,236,646,337,-82,386,349,-71,
529,1316,-749,542,1337,-718,551,1336,-718,558,1335,-718,520,1335,-717,513,1334,-717,507,1333,-717,569,1321,-485,501,1319,-479,547,1293,-659,515,1294,-658,640,1175,-289,444,1181,-301,650,1008,-146,430,1024,-185,661,867,-286,399,881,-334,669,824,-334,391,842,-392,656,822,-416,399,839,-471,649,837,-320,405,852,-369,586,890,8,466,898,-9,599,635,-41,447,650,-46,608,417,221,423,427,229,588,388,227,440,403,236,646,337,-80,385,349,-69,
529,1317,-780,543,1337,-749,551,1336,-749,558,1335,-749,520,1336,-748,513,1335,-748,507,1333,-748,569,1322,-518,501,1319,-513,547,1294,-690,515,1295,-689,640,1175,-321,444,1181,-334,650,1009,-172,429,1024,-213,657,867,-301,401,880,-348,663,825,-348,393,841,-404,651,823,-428,401,838,-482,645,838,-334,407,851,-382,586,890,8,466,898,-9,599,635,-35,447,650,-38,608,417,221,423,427,229,588,388,227,440,403,236,646,337,-80,385,349,-69,
529,1318,-778,542,1337,-748,551,1336,-748,558,1336,-748,520,1336,-747,513,1335,-747,507,1333,-747,569,1322,-518,501,1319,-512,547,1294,-689,515,1295,-688,640,1175,-322,444,1181,-333,648,1010,-176,429,1024,-212,655,868,-303,402,880,-346,660,826,-349,395,838,-401,648,824,-429,404,836,-479,642,838,-336,409,849,-380,586,891,8,466,899,-8,598,636,-33,447,651,-36,608,417,217,423,426,227,588,387,222,440,403,233,646,337,-83,385,349,-69,
528,1318,-781,542,1337,-751,550,1337,-751,557,1336,-752,520,1336,-750,513,1335,-750,507,1333,-750,569,1322,-524,501,1319,-514,547,1295,-693,515,1296,-690,640,1175,-329,444,1181,-334,648,1010,-184,429,1024,-213,654,868,-310,405,879,-347,658,825,-356,398,837,-402,646,823,-436,407,835,-480,640,838,-343,413,849,-381,586,891,7,466,899,-8,598,636,-32,448,651,-34,608,417,217,423,426,227,588,387,222,440,403,233,646,337,-82,385,349,-69,
528,1318,-768,542,1337,-738,550,1337,-738,557,1336,-738,520,1336,-736,513,1335,-736,507,1333,-736,569,1322,-513,501,1319,-503,547,1295,-680,515,1296,-678,640,1176,-323,444,1182,-326,647,1010,-183,429,1023,-207,654,869,-310,405,879,-342,661,826,-357,399,836,-398,648,824,-436,408,834,-475,642,839,-343,414,848,-376,586,891,7,467,899,-7,598,636,-32,448,651,-34,608,417,217,424,426,223,588,387,222,441,403,229,645,337,-82,385,349,-70,
528,1318,-741,542,1337,-711,550,1337,-711,557,1336,-711,520,1336,-709,513,1335,-709,507,1334,-709,569,1322,-488,501,1319,-476,546,1295,-655,515,1296,-652,640,1176,-304,444,1182,-307,647,1010,-172,429,1023,-194,655,869,-304,404,877,-333,662,826,-352,397,834,-390,649,824,-431,408,832,-466,643,839,-337,414,846,-367,586,891,7,467,898,-7,598,635,-32,448,651,-34,608,417,218,424,426,223,588,387,223,441,402,229,644,338,-74,385,349,-67,
528,1318,-735,542,1337,-705,550,1337,-705,557,1336,-705,520,1336,-703,513,1335,-703,507,1333,-703,568,1322,-481,501,1319,-468,546,1295,-648,515,1296,-644,640,1177,-294,444,1182,-297,647,1011,-158,429,1023,-185,656,868,-294,404,878,-330,663,826,-342,397,834,-387,650,824,-422,407,832,-464,644,839,-327,413,846,-364,586,890,6,467,898,-6,598,635,-33,448,651,-34,608,417,222,424,426,228,588,387,228,442,402,235,644,338,-66,385,349,-56,
528,1316,-742,542,1336,-712,550,1336,-712,557,1335,-712,520,1335,-710,513,1333,-710,507,1332,-710,568,1322,-486,501,1318,-475,546,1294,-654,515,1294,-651,640,1178,-293,444,1182,-300,647,1011,-151,428,1023,-187,656,869,-287,404,877,-332,663,827,-335,396,834,-389,650,825,-415,407,832,-467,644,839,-321,413,846,-366,586,889,6,467,897,-6,598,634,-34,448,650,-34,608,417,222,425,426,229,588,387,229,443,402,236,644,337,-66,385,348,-55,
529,1315,-715,542,1336,-686,550,1336,-686,557,1335,-686,520,1334,-684,513,1333,-684,507,1331,-684,568,1322,-460,501,1318,-450,547,1293,-628,515,1293,-625,640,1178,-270,444,1182,-281,647,1011,-130,428,1022,-172,656,869,-270,403,877,-323,663,827,-319,396,833,-381,650,825,-399,407,831,-458,644,839,-304,413,846,-357,586,888,6,467,896,-6,598,633,-35,448,648,-35,608,416,222,425,426,229,588,387,229,443,402,237,644,337,-65,385,348,-54,
529,1315,-716,542,1336,-686,550,1336,-686,557,1335,-686,520,1334,-684,513,1333,-684,507,1331,-684,568,1322,-460,501,1318,-450,547,1293,-628,515,1293,-626,640,1178,-269,443,1182,-283,646,1011,-132,428,1022,-174,655,869,-274,403,876,-324,662,827,-323,396,833,-382,649,825,-403,407,831,-459,643,840,-308,414,845,-358,586,888,6,467,896,-6,598,633,-35,449,646,-37,608,416,228,425,426,231,588,387,235,443,402,239,644,337,-58,385,347,-52,
529,1315,-722,542,1336,-692,550,1336,-692,557,1335,-692,520,1334,-691,514,1333,-691,507,1331,-691,568,1322,-466,501,1318,-456,547,1293,-635,515,1293,-632,640,1179,-275,443,1182,-287,646,1011,-137,428,1021,-177,655,869,-276,404,876,-326,661,827,-323,396,833,-384,649,825,-405,408,831,-461,643,840,-310,414,845,-360,586,888,6,467,896,-6,599,633,-34,449,646,-37,609,416,228,425,426,231,589,387,235,443,401,240,644,337,-59,385,347,-52,
529,1315,-711,542,1336,-680,550,1336,-680,557,1335,-680,520,1334,-678,514,1333,-678,507,1332,-678,568,1323,-453,501,1318,-444,547,1293,-623,515,1294,-621,640,1179,-265,443,1182,-279,646,1011,-130,428,1021,-172,654,869,-275,404,876,-323,661,827,-324,397,833,-382,649,825,-404,408,831,-458,643,840,-309,414,845,-356,586,888,6,467,896,-6,599,633,-35,449,646,-38,609,417,229,424,425,232,590,387,237,443,401,240,644,337,-58,385,347,-52,
528,1316,-703,541,1336,-672,549,1336,-672,557,1335,-672,520,1334,-670,513,1333,-670,507,1332,-670,568,1323,-444,501,1319,-434,546,1293,-615,515,1294,-612,639,1179,-258,443,1182,-270,646,1011,-126,428,1021,-164,654,869,-275,404,876,-318,661,827,-325,396,833,-378,649,826,-405,408,831,-454,643,840,-309,414,846,-352,586,888,6,467,895,-6,599,633,-35,449,646,-38,609,417,232,424,425,235,590,387,239,443,401,244,644,337,-56,385,347,-49,
528,1316,-697,541,1336,-666,549,1336,-666,557,1335,-666,520,1335,-664,513,1333,-664,507,1332,-664,568,1323,-440,501,1319,-430,546,1293,-610,515,1294,-607,639,1180,-254,443,1183,-268,646,1011,-122,428,1021,-163,654,869,-272,403,876,-317,661,827,-323,396,833,-377,649,826,-403,408,831,-453,643,840,-306,414,845,-350,586,888,6,467,895,-6,599,633,-37,449,646,-40,609,417,233,424,425,235,590,387,241,442,401,244,644,337,-53,385,347,-48,
528,1317,-696,541,1337,-665,549,1337,-665,557,1336,-665,520,1335,-663,513,1334,-663,507,1333,-663,567,1323,-439,501,1320,-428,546,1294,-609,515,1295,-606,639,1181,-253,443,1183,-266,646,1011,-118,428,1021,-160,654,869,-269,403,876,-314,661,827,-320,396,833,-374,649,826,-399,408,830,-451,643,840,-303,414,845,-348,586,888,6,467,895,-6,599,633,-38,449,646,-40,609,417,233,424,425,237,590,387,242,442,401,247,644,337,-54,385,347,-46,
528,1318,-694,541,1338,-662,549,1337,-662,557,1336,-662,520,1336,-660,513,1335,-660,507,1334,-660,567,1324,-437,501,1320,-426,545,1295,-607,515,1296,-604,639,1182,-253,443,1184,-265,646,1011,-118,427,1021,-160,654,869,-267,403,876,-313,661,827,-318,396,833,-373,649,826,-397,408,830,-450,643,840,-301,414,845,-347,586,888,6,467,895,-6,599,633,-38,449,646,-40,609,417,233,424,425,238,590,387,241,442,401,247,644,337,-54,385,347,-44,
528,1320,-689,541,1339,-657,549,1338,-657,556,1337,-657,520,1337,-655,513,1336,-655,507,1334,-655,567,1325,-432,501,1321,-421,545,1297,-602,515,1297,-600,639,1183,-251,442,1184,-262,647,1011,-118,427,1021,-158,654,869,-267,403,876,-311,661,828,-318,396,833,-372,648,826,-397,408,830,-448,643,840,-301,415,845,-345,586,889,6,467,895,-6,599,633,-37,450,645,-39,609,417,233,424,425,240,590,388,241,442,401,249,644,337,-54,385,347,-41,
528,1321,-683,541,1339,-651,549,1339,-651,556,1338,-651,520,1338,-649,513,1336,-649,507,1335,-649,567,1325,-427,501,1321,-415,545,1297,-597,515,1298,-594,639,1183,-247,442,1184,-256,647,1011,-116,427,1021,-152,654,869,-268,403,876,-308,661,828,-319,395,833,-369,648,826,-398,408,831,-445,643,840,-302,415,845,-343,586,889,6,467,895,-6,599,633,-38,450,645,-39,610,417,233,425,425,240,590,388,241,442,401,248,645,337,-55,385,347,-42,
534,1338,-415,544,1354,-373,551,1354,-373,558,1354,-374,525,1353,-375,519,1352,-375,514,1352,-375,566,1341,-179,501,1340,-186,546,1318,-343,522,1317,-345,615,1252,-181,458,1255,-188,621,1413,-326,433,1429,-358,617,1575,-409,424,1592,-442,624,1608,-487,415,1623,-518,606,1615,-482,440,1628,-514,597,1604,-421,451,1617,-455,587,902,7,464,904,-7,605,645,99,435,657,68,614,433,389,422,441,386,596,406,405,428,418,404,651,349,158,410,365,171,
535,1340,-636,544,1357,-596,551,1358,-596,558,1357,-596,525,1355,-597,519,1355,-597,513,1354,-597,567,1342,-398,501,1342,-398,548,1320,-561,522,1319,-561,616,1253,-404,457,1255,-368,622,1414,-606,428,1429,-544,617,1578,-720,421,1593,-607,625,1610,-804,414,1625,-676,607,1616,-796,437,1631,-677,598,1605,-732,445,1622,-621,587,903,-3,463,905,3,607,645,81,436,655,104,615,431,405,423,441,461,597,406,425,432,418,481,651,349,165,408,360,239,
535,1343,-687,544,1359,-649,551,1359,-648,559,1359,-649,525,1357,-651,519,1356,-651,513,1356,-651,567,1343,-447,500,1342,-453,548,1322,-611,522,1321,-613,617,1253,-442,456,1255,-425,622,1414,-640,425,1429,-611,618,1578,-757,418,1595,-673,625,1610,-841,412,1627,-742,608,1616,-834,432,1634,-744,599,1605,-769,440,1626,-687,587,903,-3,462,905,3,608,645,76,437,654,104,615,430,418,423,441,466,597,405,438,434,418,487,651,349,176,405,358,242,
535,1344,-682,544,1360,-642,551,1361,-642,559,1360,-642,525,1358,-647,518,1357,-647,512,1356,-646,567,1344,-437,500,1343,-452,548,1324,-605,522,1323,-609,617,1253,-425,455,1255,-429,622,1413,-611,423,1429,-620,618,1577,-727,415,1596,-681,625,1610,-811,411,1628,-751,609,1615,-806,430,1635,-752,600,1605,-740,436,1627,-695,587,903,-3,462,905,2,609,645,76,437,654,99,616,428,427,423,441,459,597,405,448,435,418,480,651,349,187,404,356,234,
535,1346,-672,544,1362,-631,551,1362,-631,559,1362,-631,525,1360,-636,518,1359,-636,512,1358,-635,567,1345,-420,500,1344,-437,549,1325,-593,522,1325,-598,617,1253,-408,455,1255,-413,622,1413,-592,422,1428,-602,619,1576,-711,415,1597,-662,626,1609,-795,411,1628,-733,610,1615,-791,430,1635,-733,602,1605,-724,436,1628,-675,587,903,-3,461,905,2,610,645,75,437,653,96,616,428,437,424,441,465,597,405,460,436,419,487,651,349,197,403,355,237,
534,1346,-669,544,1362,-628,551,1362,-627,558,1362,-628,525,1360,-630,518,1359,-630,512,1359,-630,566,1346,-421,500,1344,-428,548,1326,-592,522,1325,-594,618,1254,-417,455,1255,-398,624,1411,-609,421,1428,-572,622,1576,-727,415,1597,-632,629,1609,-810,411,1629,-703,613,1615,-807,430,1636,-703,605,1605,-740,437,1629,-646,587,903,-3,461,905,2,610,645,70,437,652,99,616,427,436,424,442,476,597,404,459,437,419,498,651,348,195,403,354,248,
534,1346,-663,543,1362,-622,550,1363,-622,558,1363,-622,524,1360,-625,518,1359,-625,512,1359,-625,566,1346,-416,500,1344,-426,548,1326,-586,522,1325,-589,618,1254,-409,455,1255,-396,626,1410,-592,422,1428,-565,625,1575,-706,415,1597,-622,632,1608,-788,411,1629,-692,617,1614,-785,430,1636,-691,609,1604,-719,437,1629,-635,587,903,-3,461,905,2,610,644,71,437,651,98,617,426,433,425,442,469,597,404,455,437,420,491,651,348,193,403,352,244,
534,1346,-685,543,1362,-644,550,1363,-644,558,1363,-644,524,1360,-649,518,1359,-649,512,1358,-649,566,1347,-437,500,1344,-453,549,1326,-607,523,1325,-611,618,1254,-424,455,1255,-426,627,1409,-603,422,1428,-604,627,1575,-716,415,1597,-655,633,1607,-797,411,1629,-724,618,1613,-793,430,1637,-723,611,1604,-729,437,1629,-668,587,903,-3,461,905,2,611,644,71,438,651,97,617,425,431,425,442,464,597,403,452,437,420,485,652,347,192,403,351,239,
535,1345,-676,544,1362,-635,551,1362,-635,558,1362,-635,524,1359,-641,518,1358,-641,512,1357,-641,567,1347,-428,501,1344,-448,549,1326,-597,523,1324,-603,619,1254,-410,455,1255,-424,627,1409,-583,422,1428,-604,628,1575,-693,415,1597,-654,633,1607,-773,411,1629,-723,620,1613,-769,430,1637,-721,612,1604,-705,436,1629,-666,587,903,-1,461,905,0,611,643,71,438,651,96,617,425,433,425,442,461,597,403,455,438,420,482,652,347,198,403,351,237,
535,1344,-662,544,1361,-621,551,1362,-621,558,1362,-621,524,1358,-625,518,1357,-625,512,1356,-625,567,1346,-415,501,1343,-430,549,1325,-584,523,1323,-589,620,1254,-403,455,1254,-405,627,1410,-578,422,1427,-581,628,1575,-685,415,1597,-639,634,1607,-766,411,1629,-710,620,1613,-761,430,1637,-709,613,1604,-698,437,1629,-652,587,903,0,461,904,0,611,641,72,438,650,96,617,424,437,426,441,462,597,402,460,438,420,484,652,346,203,403,349,240,
535,1344,-681,544,1361,-641,551,1362,-641,558,1362,-641,524,1358,-645,518,1357,-645,512,1356,-645,567,1346,-436,501,1343,-449,550,1324,-604,523,1322,-608,621,1254,-420,455,1254,-421,628,1411,-598,422,1427,-597,628,1577,-703,415,1597,-649,634,1608,-783,411,1629,-719,621,1614,-778,430,1637,-717,613,1605,-715,437,1629,-662,588,902,0,461,903,0,612,640,72,438,648,95,617,424,441,426,440,463,597,402,464,438,419,484,653,346,208,403,347,239,
535,1344,-688,544,1361,-648,551,1361,-648,558,1362,-648,524,1358,-652,518,1357,-652,512,1356,-652,567,1346,-441,501,1342,-455,550,1324,-610,523,1322,-614,622,1254,-424,455,1253,-428,629,1411,-601,422,1427,-604,629,1578,-707,415,1598,-655,635,1609,-787,411,1629,-725,621,1614,-782,430,1637,-723,613,1605,-719,437,1629,-668,589,901,1,461,902,-1,613,638,73,438,646,92,617,423,447,426,437,464,597,401,471,438,417,487,653,345,217,403,344,243,
535,1344,-732,544,1361,-693,551,1361,-692,559,1361,-693,525,1358,-694,518,1357,-694,513,1356,-694,568,1345,-485,502,1343,-490,550,1324,-653,523,1322,-654,622,1254,-470,455,1253,-455,631,1411,-663,422,1427,-633,631,1578,-771,415,1598,-688,636,1609,-853,411,1629,-760,622,1614,-848,429,1637,-759,614,1605,-782,436,1629,-702,589,901,1,461,902,-1,613,638,71,439,644,92,617,423,458,426,435,478,597,401,484,438,415,502,653,345,225,403,342,255,
535,1344,-723,544,1361,-682,552,1362,-682,559,1362,-682,525,1358,-685,519,1357,-685,513,1356,-685,568,1345,-473,502,1343,-481,550,1325,-643,523,1323,-646,623,1255,-467,456,1254,-443,634,1413,-648,422,1427,-626,631,1578,-739,415,1598,-683,636,1609,-817,411,1628,-757,622,1614,-811,429,1637,-759,614,1605,-750,436,1629,-698,589,900,1,461,902,-1,614,637,71,439,643,92,618,423,455,426,433,475,597,401,480,439,414,498,653,345,223,403,341,252,
537,1344,-700,546,1361,-660,554,1361,-660,561,1361,-660,526,1358,-663,520,1357,-663,514,1356,-663,570,1345,-453,503,1343,-463,552,1324,-622,525,1322,-625,625,1254,-444,456,1254,-431,638,1413,-623,422,1427,-610,632,1578,-722,415,1598,-667,636,1609,-801,410,1626,-739,622,1614,-796,429,1636,-739,614,1605,-733,436,1629,-681,589,899,1,461,901,-1,614,636,71,439,641,94,618,422,453,426,431,473,597,400,477,439,412,496,652,345,220,403,339,250,
539,1344,-681,549,1361,-642,556,1361,-642,563,1361,-642,528,1358,-644,521,1357,-644,514,1356,-644,573,1345,-440,504,1343,-444,554,1324,-604,526,1322,-606,627,1254,-434,457,1254,-412,641,1413,-615,423,1427,-587,632,1579,-714,415,1598,-645,637,1609,-794,410,1626,-718,622,1614,-789,429,1636,-717,614,1605,-726,436,1629,-659,590,899,0,461,901,0,614,635,62,439,641,90,618,421,435,426,428,466,598,399,458,439,410,488,652,344,201,403,337,245,
544,1344,-680,554,1361,-640,561,1361,-640,568,1361,-640,535,1358,-643,528,1357,-643,522,1356,-642,579,1345,-436,511,1343,-442,559,1325,-603,532,1323,-605,631,1254,-428,459,1254,-412,646,1411,-616,424,1427,-586,636,1577,-730,416,1598,-647,640,1609,-815,410,1625,-720,625,1614,-809,430,1635,-721,617,1605,-742,437,1627,-662,590,899,0,462,902,0,614,636,58,439,641,89,618,420,420,426,427,453,598,399,441,438,408,473,649,344,177,403,337,222,
550,1344,-784,561,1361,-745,567,1361,-745,574,1361,-745,541,1359,-747,535,1358,-747,530,1357,-747,585,1344,-541,518,1343,-546,564,1325,-706,538,1324,-707,634,1254,-530,462,1255,-505,652,1410,-743,429,1427,-696,643,1577,-859,420,1598,-760,648,1609,-944,414,1625,-830,632,1614,-936,435,1635,-833,624,1605,-871,443,1627,-776,590,900,-2,463,904,1,614,640,63,439,644,109,618,421,418,426,428,460,597,399,437,438,409,479,648,347,173,403,341,228,
559,1345,-822,568,1361,-782,574,1361,-782,581,1360,-782,551,1359,-787,546,1358,-787,540,1358,-787,592,1343,-568,528,1343,-588,572,1325,-741,548,1327,-746,639,1253,-542,466,1256,-552,657,1409,-747,438,1427,-759,655,1577,-870,429,1599,-826,659,1609,-953,420,1629,-895,645,1614,-945,443,1640,-896,636,1605,-882,451,1631,-840,590,902,1,464,906,-1,614,643,90,439,648,108,618,421,418,426,429,460,597,399,440,438,409,478,651,347,176,403,341,224,
570,1343,-792,579,1358,-752,585,1357,-752,592,1356,-752,562,1358,-754,555,1358,-754,549,1358,-754,602,1341,-541,536,1343,-546,582,1323,-712,558,1326,-713,643,1252,-524,472,1257,-505,665,1405,-740,446,1427,-704,670,1576,-863,440,1599,-774,675,1609,-949,429,1630,-845,662,1614,-942,453,1641,-843,655,1604,-876,462,1631,-787,591,902,-3,466,909,3,614,645,88,439,654,124,617,426,420,426,431,472,597,402,441,438,409,490,647,351,171,400,345,229,
579,1341,-800,587,1356,-761,594,1355,-761,601,1353,-761,569,1357,-762,562,1358,-762,556,1358,-762,612,1339,-550,543,1343,-551,590,1321,-720,567,1325,-720,650,1251,-524,480,1258,-508,681,1403,-735,454,1429,-712,693,1576,-856,449,1599,-795,701,1612,-943,438,1631,-869,687,1616,-936,462,1641,-867,680,1605,-870,470,1631,-809,594,905,-4,470,913,3,614,645,83,440,656,120,616,426,410,426,429,455,596,402,428,438,408,471,646,351,150,400,345,210,
586,1341,-796,596,1355,-757,603,1354,-757,610,1352,-757,578,1357,-758,571,1358,-758,565,1358,-758,622,1338,-546,553,1343,-544,598,1320,-716,575,1325,-716,659,1250,-521,486,1261,-496,697,1402,-728,463,1432,-690,713,1576,-845,468,1604,-766,722,1614,-931,464,1640,-841,705,1617,-924,481,1649,-840,698,1606,-858,486,1638,-781,597,906,-5,472,915,5,614,645,81,440,660,119,615,426,411,426,430,455,595,402,430,438,409,472,645,352,150,400,345,212,
596,1342,-716,607,1356,-674,614,1355,-674,620,1353,-674,588,1359,-672,582,1360,-672,575,1360,-672,631,1339,-460,564,1346,-448,608,1321,-636,585,1327,-633,668,1250,-440,494,1262,-405,712,1403,-636,479,1434,-581,727,1577,-746,489,1605,-661,736,1615,-829,488,1643,-741,717,1617,-823,503,1650,-737,709,1606,-759,507,1639,-675,604,906,-7,479,914,6,615,643,87,442,659,122,615,427,436,425,430,473,595,402,455,437,409,491,645,351,165,400,345,226,
611,1346,-714,622,1357,-671,628,1355,-670,635,1353,-671,604,1362,-672,597,1363,-672,590,1364,-672,644,1339,-450,578,1348,-454,620,1323,-633,597,1331,-633,677,1250,-422,504,1266,-419,728,1402,-605,497,1436,-601,752,1577,-720,507,1608,-677,762,1614,-803,507,1649,-754,742,1615,-800,521,1655,-751,735,1605,-735,524,1642,-691,611,906,-3,484,914,2,619,643,93,445,660,122,615,427,446,426,432,474,596,402,467,438,411,493,646,351,179,401,349,228,
628,1345,-635,639,1356,-589,645,1354,-589,651,1352,-589,620,1362,-596,613,1363,-596,606,1364,-596,657,1337,-365,593,1349,-393,634,1323,-553,613,1331,-561,685,1249,-326,512,1268,-373,747,1395,-471,511,1438,-562,771,1573,-577,526,1610,-632,780,1611,-656,529,1653,-711,759,1613,-657,544,1658,-703,751,1603,-593,548,1646,-644,619,906,6,491,915,-7,625,643,95,449,660,92,615,427,426,428,435,414,595,402,443,441,414,430,648,351,172,401,351,175,
637,1346,-592,648,1356,-547,654,1354,-546,660,1352,-546,630,1362,-550,623,1363,-550,616,1364,-550,667,1337,-333,606,1350,-346,643,1323,-513,622,1331,-517,695,1247,-296,528,1268,-342,757,1388,-446,538,1438,-532,791,1556,-561,554,1610,-609,806,1595,-640,555,1652,-689,784,1602,-644,571,1658,-683,773,1592,-579,575,1645,-622,625,907,8,498,916,-8,630,646,95,452,665,83,616,428,398,430,446,399,595,402,413,444,422,414,648,351,140,401,358,160,
650,1345,-570,660,1356,-527,666,1354,-526,671,1351,-527,643,1362,-530,637,1363,-529,630,1364,-529,678,1336,-316,621,1350,-325,655,1322,-492,635,1331,-495,705,1247,-281,547,1271,-330,770,1387,-437,562,1438,-528,815,1553,-559,575,1612,-614,830,1589,-640,579,1655,-695,809,1599,-643,594,1660,-689,796,1589,-576,597,1647,-626,630,909,8,507,921,-9,633,646,71,454,665,57,617,426,376,430,444,367,595,402,392,444,421,382,648,349,124,401,361,126,
664,1343,-588,675,1354,-543,681,1352,-543,687,1350,-543,657,1361,-548,650,1363,-548,644,1364,-548,693,1335,-327,635,1350,-345,670,1320,-508,649,1329,-513,717,1245,-285,559,1271,-349,785,1384,-432,578,1439,-550,834,1546,-561,598,1614,-630,850,1584,-641,605,1657,-709,829,1595,-644,621,1662,-703,816,1586,-578,625,1650,-642,636,910,13,513,924,-13,635,646,63,454,666,42,618,426,359,426,447,354,596,401,375,433,424,369,652,348,106,399,370,110,
677,1343,-578,688,1354,-533,693,1351,-533,698,1349,-533,671,1361,-539,664,1363,-539,658,1364,-539,703,1334,-319,648,1350,-341,682,1320,-500,663,1329,-506,723,1242,-272,574,1271,-353,794,1375,-410,596,1440,-558,852,1534,-538,621,1615,-634,870,1575,-616,630,1659,-712,851,1587,-619,648,1663,-705,838,1577,-556,651,1651,-646,639,914,14,523,929,-15,636,646,54,453,678,23,622,424,328,403,456,307,600,400,340,407,432,319,652,348,58,380,379,49,
688,1342,-598,698,1353,-554,704,1351,-554,710,1348,-554,680,1361,-560,674,1363,-560,667,1364,-559,716,1334,-341,656,1350,-360,693,1319,-519,673,1328,-525,736,1241,-282,586,1272,-371,811,1373,-403,613,1444,-598,869,1528,-532,651,1619,-656,889,1569,-607,663,1662,-728,869,1582,-614,679,1665,-715,857,1571,-551,683,1653,-663,644,915,19,525,933,-19,639,647,52,444,684,8,625,423,303,355,458,258,602,400,312,349,437,267,656,343,35,319,380,-6,
692,1337,-541,702,1351,-496,708,1348,-496,714,1346,-496,685,1358,-502,679,1360,-502,672,1362,-502,721,1332,-276,660,1350,-304,699,1315,-460,678,1323,-469,743,1238,-204,595,1273,-340,821,1372,-321,636,1446,-570,881,1528,-456,680,1620,-627,903,1567,-528,690,1662,-706,884,1579,-542,705,1665,-687,871,1569,-478,709,1652,-633,647,914,25,532,933,-25,640,646,67,428,683,-37,628,418,319,284,436,162,603,398,329,264,412,166,658,341,58,241,304,-125,
704,1340,-543,714,1353,-495,720,1350,-494,726,1348,-494,696,1360,-503,690,1362,-503,683,1364,-503,731,1333,-254,667,1351,-297,711,1318,-456,690,1326,-469,756,1238,-148,602,1280,-348,833,1371,-239,650,1447,-598,896,1528,-394,708,1619,-647,919,1563,-463,716,1661,-735,898,1575,-487,731,1663,-699,884,1567,-420,734,1651,-645,650,912,46,533,932,-46,643,645,184,412,680,-95,631,414,484,249,424,54,604,395,498,232,401,53,663,338,239,229,277,-264,
718,1340,-531,726,1352,-484,731,1350,-484,737,1348,-483,709,1359,-500,703,1361,-500,698,1363,-500,739,1332,-245,681,1350,-319,723,1318,-443,704,1326,-466,759,1238,-112,614,1282,-391,839,1364,-171,666,1447,-678,908,1512,-332,727,1619,-727,935,1546,-393,737,1660,-813,913,1560,-419,753,1659,-775,898,1551,-359,755,1647,-723,650,909,73,535,932,-74,643,645,228,405,680,-142,630,413,518,234,425,-20,604,394,533,216,403,-22,665,337,303,226,283,-323,
724,1339,-517,733,1351,-471,739,1349,-470,745,1346,-470,717,1358,-485,711,1360,-485,706,1362,-485,748,1331,-233,691,1350,-302,730,1316,-429,711,1325,-450,769,1237,-114,622,1283,-383,849,1361,-194,674,1447,-655,917,1509,-347,740,1617,-708,946,1542,-411,753,1656,-791,923,1556,-434,772,1653,-764,908,1546,-373,772,1641,-709,652,908,70,535,932,-71,643,644,203,397,688,-119,629,413,480,228,430,19,600,394,493,214,405,18,665,332,251,227,281,-282,
733,1338,-529,742,1351,-481,747,1348,-481,753,1346,-481,726,1357,-498,721,1359,-498,716,1361,-498,755,1331,-241,701,1349,-315,739,1315,-441,721,1323,-465,774,1238,-128,629,1284,-400,856,1362,-209,687,1447,-678,929,1505,-357,755,1612,-717,962,1535,-420,774,1648,-797,939,1550,-439,793,1644,-765,920,1542,-382,792,1631,-715,653,907,68,538,934,-68,642,646,180,392,702,-119,628,416,460,205,486,53,601,396,474,191,453,56,664,337,225,169,372,-233,
736,1335,-511,746,1349,-461,751,1347,-461,757,1345,-461,731,1355,-478,726,1357,-478,722,1359,-478,760,1331,-221,708,1348,-300,743,1313,-423,724,1321,-447,778,1237,-122,634,1285,-384,863,1361,-208,696,1447,-663,939,1497,-343,768,1609,-698,973,1525,-406,787,1644,-770,953,1540,-420,808,1638,-732,935,1532,-365,806,1625,-691,654,907,63,540,937,-63,642,646,125,387,715,-90,627,418,362,185,548,82,601,396,371,175,518,68,659,340,128,135,449,-180,
742,1332,-548,752,1347,-498,757,1345,-498,763,1343,-498,738,1352,-526,733,1354,-526,729,1355,-526,765,1328,-256,716,1346,-379,747,1311,-458,730,1318,-496,779,1235,-143,639,1285,-453,867,1359,-247,707,1447,-723,948,1492,-379,784,1606,-743,980,1519,-438,805,1639,-812,961,1534,-452,826,1633,-776,944,1527,-401,823,1620,-738,654,906,64,543,936,-65,639,643,132,384,728,-87,627,418,378,170,589,174,601,397,388,161,561,185,656,343,135,92,550,-44,
747,1331,-538,757,1345,-490,762,1343,-489,767,1341,-489,744,1350,-514,739,1352,-514,736,1353,-514,769,1327,-256,722,1344,-371,751,1310,-452,735,1317,-486,780,1235,-151,645,1285,-436,874,1359,-231,715,1446,-696,957,1486,-356,792,1600,-727,988,1512,-411,817,1632,-805,969,1529,-424,837,1626,-767,951,1522,-377,833,1613,-728,653,906,65,550,936,-66,637,644,133,382,736,-76,627,422,369,166,611,178,601,399,379,156,585,192,653,352,145,90,560,-38,
751,1331,-500,759,1345,-457,763,1343,-457,768,1341,-457,749,1349,-476,746,1351,-476,744,1352,-477,768,1328,-248,733,1343,-344,753,1310,-422,742,1317,-449,776,1239,-162,658,1285,-392,873,1359,-248,725,1440,-623,960,1484,-378,802,1588,-669,993,1507,-437,820,1621,-739,973,1525,-448,847,1611,-709,950,1522,-398,845,1595,-668,640,912,53,570,936,-54,632,645,98,382,749,-60,627,416,323,163,617,187,603,393,332,141,582,200,647,362,112,89,575,-20,
752,1330,-501,761,1343,-454,766,1341,-454,770,1339,-454,750,1348,-473,746,1350,-473,743,1351,-473,772,1326,-226,730,1342,-322,754,1308,-419,740,1316,-445,782,1237,-137,655,1285,-384,879,1357,-209,726,1439,-626,968,1479,-319,804,1586,-663,999,1502,-373,827,1618,-732,982,1519,-385,848,1611,-700,964,1514,-340,844,1596,-660,645,911,55,563,938,-55,631,645,103,374,757,-60,626,419,343,159,624,201,603,397,353,148,598,216,647,361,127,90,570,-13,
756,1329,-507,766,1343,-458,770,1341,-457,775,1339,-457,752,1348,-475,748,1350,-475,745,1351,-475,777,1325,-224,731,1342,-309,759,1308,-423,743,1316,-447,789,1234,-131,655,1286,-377,886,1354,-205,725,1438,-627,977,1475,-315,805,1583,-657,1009,1497,-371,829,1613,-727,991,1516,-385,851,1607,-692,973,1511,-336,848,1593,-654,653,909,58,560,939,-58,631,645,116,373,760,-57,626,423,353,159,624,202,602,402,364,150,597,216,648,360,138,84,571,-20,
760,1329,-480,770,1342,-429,775,1340,-429,780,1337,-429,756,1348,-449,751,1350,-449,747,1351,-449,782,1324,-192,732,1343,-288,764,1308,-394,747,1316,-421,796,1232,-91,657,1287,-366,890,1351,-153,726,1438,-627,983,1468,-273,806,1583,-652,1012,1491,-327,829,1613,-721,997,1509,-344,849,1608,-684,980,1503,-296,845,1595,-648,659,908,63,557,943,-63,631,646,119,375,763,-60,625,427,353,168,626,195,600,405,362,158,600,210,648,359,140,94,566,-27,
761,1334,-481,770,1344,-436,775,1342,-436,781,1339,-436,755,1351,-461,751,1352,-461,746,1354,-461,782,1325,-209,732,1344,-289,766,1312,-396,748,1321,-432,801,1231,-110,657,1287,-351,896,1348,-177,721,1437,-606,986,1468,-311,800,1578,-645,1015,1491,-368,821,1609,-717,999,1508,-382,844,1604,-685,983,1502,-333,839,1591,-643,662,907,60,556,943,-60,631,646,129,376,762,-46,624,428,390,170,619,213,598,406,402,159,588,226,648,358,174,86,571,-22,
760,1339,-493,768,1349,-444,774,1347,-444,779,1344,-444,754,1355,-459,749,1356,-459,745,1357,-459,780,1329,-212,730,1347,-265,765,1319,-408,747,1325,-431,798,1231,-122,658,1286,-327,897,1346,-184,722,1435,-573,984,1467,-326,797,1578,-625,1012,1493,-384,817,1610,-704,995,1510,-398,839,1606,-673,979,1503,-348,837,1593,-624,661,907,57,558,943,-57,631,646,129,377,758,-32,623,429,412,173,619,258,598,407,426,163,588,275,647,358,196,88,571,25,
761,1338,-518,771,1349,-466,777,1346,-465,783,1344,-465,756,1355,-477,751,1356,-477,746,1357,-477,784,1329,-219,731,1347,-277,766,1318,-430,747,1325,-447,801,1229,-127,658,1286,-339,897,1343,-210,718,1434,-588,980,1467,-344,794,1579,-634,1009,1494,-408,812,1611,-711,992,1510,-421,834,1607,-680,975,1503,-366,832,1594,-633,666,906,57,558,943,-57,632,647,135,378,756,-32,623,432,417,175,615,245,598,409,431,166,585,260,648,359,199,96,562,6,
760,1338,-394,770,1349,-343,775,1346,-343,781,1344,-343,755,1355,-358,751,1356,-358,746,1357,-358,783,1329,-116,732,1347,-189,765,1318,-314,746,1325,-335,798,1229,-59,658,1286,-255,894,1343,-159,716,1436,-506,976,1469,-278,791,1580,-532,1005,1495,-342,809,1614,-602,987,1511,-351,831,1610,-567,971,1504,-298,829,1596,-529,667,907,55,561,943,-55,633,647,91,389,755,-64,624,432,306,181,611,151,598,409,313,169,581,159,648,358,95,101,554,-85,
759,1338,-419,768,1349,-368,774,1346,-368,780,1344,-368,754,1355,-385,749,1356,-385,745,1357,-385,781,1329,-132,730,1347,-215,764,1317,-334,745,1324,-359,797,1227,-61,657,1284,-284,892,1341,-173,716,1436,-541,976,1470,-293,784,1581,-569,1004,1496,-376,798,1614,-643,985,1512,-393,816,1612,-610,968,1504,-320,815,1598,-567,669,905,57,560,941,-58,636,646,120,392,735,-87,624,432,320,187,562,102,598,409,324,175,520,108,651,358,119,135,450,-163,
758,1338,-437,768,1349,-387,773,1346,-387,779,1344,-387,753,1354,-405,748,1356,-405,744,1357,-405,780,1329,-148,730,1347,-233,763,1315,-351,744,1323,-376,796,1226,-68,655,1280,-295,891,1341,-170,707,1436,-554,966,1470,-302,771,1581,-589,996,1498,-397,784,1615,-661,981,1512,-421,799,1614,-626,966,1505,-336,799,1600,-586,671,903,60,560,938,-61,641,645,211,396,718,-117,624,432,494,227,501,-1,598,409,508,194,470,-3,651,357,292,185,396,-290,
757,1337,-424,767,1349,-373,773,1347,-373,778,1344,-373,753,1354,-391,748,1356,-391,743,1357,-391,780,1329,-129,727,1347,-216,763,1315,-335,743,1323,-361,795,1226,-39,654,1279,-282,890,1342,-124,703,1436,-543,955,1473,-283,764,1583,-580,982,1503,-358,775,1618,-659,970,1514,-385,789,1620,-628,956,1505,-312,789,1605,-581,672,901,69,559,934,-69,645,642,232,402,707,-124,624,432,520,230,476,0,598,409,535,210,450,-1,653,355,320,195,384,-290,
757,1336,-354,767,1349,-301,772,1346,-300,778,1344,-300,752,1354,-321,748,1355,-321,743,1357,-321,780,1329,-53,725,1347,-150,762,1314,-265,742,1322,-294,793,1226,33,652,1275,-224,884,1347,-34,694,1436,-493,941,1481,-180,750,1584,-536,966,1514,-247,761,1621,-621,955,1523,-279,776,1622,-589,942,1513,-209,776,1608,-538,673,899,74,559,931,-74,650,636,268,406,694,-180,624,428,577,229,435,-145,598,408,594,210,415,-157,654,350,377,222,281,-473,
750,1337,-388,760,1349,-337,766,1347,-337,772,1345,-337,744,1354,-351,739,1356,-351,733,1357,-351,774,1330,-98,717,1347,-166,756,1315,-303,734,1322,-324,790,1228,-15,647,1273,-208,877,1349,-96,681,1436,-451,930,1496,-241,738,1591,-511,951,1532,-306,747,1631,-596,942,1539,-329,764,1630,-571,930,1529,-267,765,1615,-516,676,898,62,560,928,-62,655,633,281,410,684,-177,624,426,658,233,425,-177,598,407,683,217,405,-194,655,347,465,227,270,-513,
739,1334,-393,750,1349,-342,755,1347,-342,761,1345,-342,734,1353,-355,728,1354,-355,722,1356,-355,765,1330,-117,705,1346,-174,746,1313,-305,724,1319,-330,784,1229,-65,642,1267,-237,860,1352,-196,674,1436,-478,917,1503,-379,724,1595,-542,935,1541,-459,731,1636,-622,925,1549,-480,749,1633,-615,913,1537,-404,750,1618,-554,678,896,65,562,924,-66,661,632,273,425,684,-155,626,426,597,257,439,-76,598,407,615,237,415,-82,656,346,401,233,301,-379,
729,1334,-388,739,1349,-341,745,1348,-341,751,1346,-341,722,1353,-353,716,1354,-353,711,1356,-353,755,1331,-122,694,1346,-179,736,1313,-308,712,1318,-327,777,1234,-81,635,1267,-228,850,1364,-226,666,1438,-466,901,1518,-394,710,1605,-521,918,1554,-476,715,1644,-595,903,1562,-490,732,1641,-587,892,1553,-416,734,1628,-531,683,896,59,565,922,-59,667,632,217,437,678,-155,630,425,501,271,437,-40,603,406,516,248,417,-42,664,345,300,238,309,-328,
716,1334,-341,726,1349,-296,732,1348,-296,738,1346,-296,709,1353,-303,704,1354,-303,699,1355,-303,744,1332,-92,685,1345,-129,724,1313,-267,700,1317,-278,771,1235,-74,630,1263,-153,835,1372,-212,653,1438,-359,883,1529,-392,689,1606,-429,899,1562,-453,692,1645,-501,883,1571,-481,711,1643,-491,871,1563,-404,715,1629,-439,685,896,40,568,921,-40,671,632,184,449,671,-146,634,424,466,275,416,-68,609,405,480,253,403,-77,665,343,259,236,273,-371,
711,1337,-305,720,1352,-261,725,1351,-261,731,1350,-261,703,1354,-271,698,1355,-271,693,1356,-271,736,1334,-60,678,1346,-108,718,1316,-233,696,1319,-247,767,1240,-49,623,1263,-149,827,1378,-181,641,1438,-362,867,1538,-325,670,1609,-423,880,1569,-400,672,1647,-493,860,1578,-411,691,1646,-486,850,1571,-341,695,1633,-433,688,896,38,570,919,-38,674,630,130,457,668,-141,640,421,373,303,413,-66,614,402,383,279,405,-74,674,332,156,251,287,-364,
701,1340,-342,708,1355,-296,712,1355,-296,717,1354,-296,695,1357,-307,690,1358,-307,686,1358,-307,722,1339,-86,674,1347,-137,707,1321,-264,688,1322,-282,758,1249,-118,621,1263,-165,810,1383,-261,632,1438,-350,846,1545,-355,651,1610,-418,857,1576,-433,651,1648,-491,839,1586,-432,671,1648,-487,828,1578,-368,675,1635,-431,690,900,17,576,920,-17,676,630,74,471,672,-18,643,421,334,356,427,232,619,402,346,368,416,241,674,336,99,312,338,-18,
693,1341,-372,701,1357,-334,706,1356,-334,711,1355,-334,686,1358,-338,682,1358,-338,677,1359,-338,715,1341,-153,666,1347,-171,700,1321,-306,680,1322,-311,755,1253,-180,614,1263,-184,805,1389,-330,619,1440,-360,824,1558,-412,635,1616,-429,834,1589,-491,634,1652,-501,817,1597,-483,653,1653,-497,808,1588,-423,659,1640,-442,690,905,-2,579,921,2,676,629,36,477,674,19,647,414,299,393,437,288,626,397,310,400,421,300,668,335,57,346,358,56,
686,1341,-372,694,1357,-333,699,1357,-333,705,1356,-333,679,1358,-336,674,1358,-336,669,1359,-336,711,1342,-151,657,1348,-158,695,1321,-305,674,1322,-307,754,1257,-175,608,1263,-139,793,1398,-332,603,1440,-274,807,1566,-409,611,1615,-365,817,1596,-486,611,1652,-435,801,1603,-480,630,1652,-437,792,1594,-420,635,1639,-381,693,907,-15,579,923,15,678,631,20,487,675,34,651,417,279,414,441,304,632,400,290,420,424,316,667,339,34,371,378,78,
679,1342,-463,687,1358,-426,693,1358,-426,699,1357,-426,671,1358,-429,665,1359,-429,660,1359,-429,706,1343,-236,647,1348,-247,690,1322,-391,668,1323,-394,753,1260,-242,601,1263,-214,783,1403,-401,592,1439,-331,789,1575,-486,594,1611,-386,795,1603,-563,592,1646,-469,778,1607,-558,610,1648,-454,771,1598,-497,616,1636,-384,697,908,-9,580,923,9,681,631,56,493,671,50,654,418,332,418,441,334,635,402,344,423,422,347,662,339,97,379,375,99,
669,1342,-471,677,1358,-435,683,1358,-435,690,1357,-435,660,1358,-434,654,1359,-434,648,1359,-434,698,1343,-253,637,1347,-245,680,1322,-402,657,1322,-400,749,1260,-276,594,1262,-211,770,1407,-467,580,1438,-331,771,1579,-566,574,1610,-412,777,1608,-649,570,1645,-486,761,1612,-642,587,1647,-483,753,1602,-577,594,1635,-422,697,908,-23,579,923,23,681,631,54,497,668,83,657,426,350,430,437,382,639,412,363,436,419,396,659,340,115,388,369,152,
661,1341,-492,670,1357,-460,676,1357,-460,683,1357,-460,651,1357,-455,646,1357,-455,640,1357,-455,693,1342,-285,630,1346,-259,673,1322,-424,649,1320,-417,746,1260,-311,590,1261,-211,759,1409,-518,571,1434,-332,755,1579,-627,562,1608,-422,758,1608,-713,557,1643,-493,743,1612,-705,574,1646,-494,735,1602,-637,582,1634,-435,697,910,-32,579,923,32,681,636,54,502,667,95,660,432,357,440,436,388,643,416,371,448,417,401,655,346,115,399,369,157,
653,1341,-611,663,1357,-580,670,1357,-580,677,1357,-580,644,1356,-575,638,1356,-575,632,1356,-575,688,1342,-397,624,1345,-368,667,1322,-540,641,1320,-531,741,1259,-413,584,1260,-311,749,1412,-641,557,1431,-456,738,1579,-762,551,1608,-560,737,1607,-853,544,1642,-633,721,1611,-843,565,1645,-638,716,1602,-772,572,1633,-576,696,910,-33,578,923,33,680,637,61,509,666,119,659,434,406,447,435,458,641,416,427,456,415,476,652,346,154,408,367,228,
646,1340,-538,656,1357,-500,664,1357,-500,671,1357,-500,637,1356,-503,632,1355,-503,626,1355,-503,682,1342,-310,618,1344,-332,660,1321,-465,635,1319,-470,736,1259,-324,579,1258,-242,741,1411,-531,552,1427,-361,726,1577,-641,537,1597,-467,725,1607,-728,524,1627,-539,710,1611,-722,545,1628,-551,705,1601,-652,554,1618,-485,696,911,-33,576,922,33,681,640,66,512,662,112,660,434,403,458,433,424,642,415,421,466,413,439,652,346,150,415,366,193,
638,1338,-518,649,1356,-483,656,1356,-483,663,1356,-483,629,1353,-481,624,1353,-481,618,1352,-481,676,1342,-300,611,1341,-295,653,1320,-447,627,1316,-444,731,1259,-320,573,1256,-238,729,1411,-535,542,1425,-357,712,1577,-646,526,1595,-455,710,1608,-733,515,1624,-526,695,1612,-726,534,1626,-537,689,1601,-655,543,1616,-473,695,911,-29,574,921,29,681,640,63,515,661,100,660,432,401,466,433,421,641,414,420,474,413,437,652,347,152,426,364,191,
633,1336,-570,643,1354,-540,650,1355,-540,658,1355,-540,624,1352,-532,619,1351,-532,613,1351,-532,671,1341,-366,606,1339,-329,648,1318,-503,622,1314,-492,726,1258,-398,569,1253,-266,717,1411,-637,537,1423,-380,699,1577,-757,519,1593,-494,699,1611,-850,509,1625,-563,681,1614,-838,527,1626,-577,675,1602,-765,535,1615,-513,694,911,-35,571,920,35,680,641,63,518,660,127,659,432,409,475,434,478,641,413,428,485,414,496,650,348,162,434,364,254,
629,1336,-546,637,1354,-508,643,1354,-508,650,1355,-508,621,1351,-511,616,1351,-511,611,1350,-511,663,1341,-326,604,1339,-322,642,1318,-472,619,1314,-476,719,1258,-360,567,1252,-225,706,1411,-589,534,1422,-335,687,1576,-705,513,1592,-451,686,1612,-796,503,1624,-516,666,1615,-783,520,1625,-534,659,1602,-712,529,1614,-472,693,911,-45,571,918,44,676,642,52,523,659,133,655,431,393,482,435,465,639,413,412,488,414,482,649,348,151,440,363,245,
619,1331,-428,629,1349,-392,636,1350,-391,643,1351,-392,611,1347,-386,605,1346,-386,601,1346,-386,657,1339,-215,594,1336,-183,635,1314,-361,609,1310,-352,709,1258,-262,563,1249,-133,701,1411,-495,526,1418,-266,677,1576,-601,507,1586,-372,675,1611,-692,493,1616,-440,657,1614,-675,514,1617,-448,650,1602,-607,524,1606,-389,686,911,-45,568,917,45,672,643,30,524,656,117,654,430,356,487,433,426,639,413,373,492,414,441,649,348,120,443,361,201,
611,1331,-478,622,1349,-444,630,1350,-444,637,1350,-444,603,1346,-436,597,1346,-436,592,1345,-436,651,1339,-263,586,1335,-220,627,1314,-409,601,1309,-398,703,1258,-308,553,1249,-159,697,1412,-532,516,1417,-304,669,1576,-642,495,1586,-403,665,1610,-730,479,1615,-471,649,1613,-716,500,1615,-478,643,1601,-649,511,1605,-420,677,912,-47,563,917,47,669,649,38,526,657,140,653,431,363,493,433,472,639,414,382,500,414,489,649,350,127,447,361,248,
606,1330,-457,617,1347,-423,625,1348,-423,633,1349,-423,597,1345,-414,592,1345,-414,586,1345,-414,647,1339,-252,580,1334,-204,622,1313,-392,595,1309,-378,697,1256,-306,547,1247,-141,688,1412,-534,510,1417,-258,659,1575,-644,487,1586,-364,654,1610,-732,473,1615,-427,636,1613,-718,493,1616,-440,631,1601,-651,502,1605,-383,671,911,-50,556,914,50,667,649,26,524,656,132,653,431,364,490,432,465,638,414,383,497,413,482,649,351,130,446,360,246,
599,1328,-444,610,1346,-409,618,1347,-409,626,1348,-409,590,1344,-398,584,1344,-398,578,1344,-398,641,1338,-237,572,1333,-182,615,1311,-380,588,1307,-365,692,1254,-304,539,1245,-126,682,1411,-536,504,1413,-254,655,1573,-652,482,1581,-364,650,1609,-741,465,1613,-430,635,1612,-729,487,1615,-440,630,1600,-659,497,1603,-383,663,911,-51,547,913,51,659,649,19,522,654,123,651,431,365,484,428,448,638,413,384,493,409,464,649,351,126,439,356,221,
593,1328,-442,604,1346,-405,613,1347,-405,621,1348,-405,583,1344,-396,577,1343,-396,571,1343,-396,636,1338,-226,565,1332,-180,609,1310,-376,581,1306,-363,684,1253,-295,530,1244,-131,678,1411,-530,499,1412,-272,652,1571,-646,477,1578,-375,647,1607,-735,461,1608,-444,633,1610,-724,483,1609,-452,628,1598,-655,494,1599,-394,656,910,-50,539,912,50,654,649,15,518,654,121,650,431,370,482,427,462,638,414,393,491,408,479,648,352,128,436,354,232,
589,1327,-437,600,1345,-399,608,1347,-399,617,1347,-399,579,1343,-391,573,1343,-391,567,1343,-391,630,1337,-223,561,1332,-181,606,1310,-371,577,1305,-359,679,1253,-289,526,1244,-136,672,1411,-529,496,1412,-277,652,1570,-646,479,1579,-376,650,1604,-734,466,1609,-443,635,1607,-720,486,1612,-452,630,1596,-652,496,1601,-395,651,912,-51,536,912,51,650,650,1,517,653,119,649,430,350,480,427,450,638,413,370,490,408,466,648,352,109,436,353,220,
582,1330,-396,594,1348,-355,602,1349,-355,610,1349,-355,573,1345,-348,567,1345,-348,561,1345,-348,623,1338,-175,555,1333,-139,599,1313,-331,570,1309,-321,674,1253,-235,518,1244,-117,669,1411,-462,492,1412,-272,650,1570,-577,474,1579,-363,649,1603,-664,462,1610,-433,635,1607,-655,481,1613,-439,630,1596,-586,490,1601,-381,647,912,-47,532,912,47,647,650,2,514,653,93,649,428,351,479,427,437,638,411,370,488,408,455,648,350,107,440,353,200,
579,1330,-508,591,1348,-471,599,1349,-471,607,1349,-471,569,1345,-465,563,1345,-465,557,1344,-465,620,1338,-290,550,1333,-259,596,1312,-439,567,1308,-431,670,1253,-326,515,1244,-225,667,1412,-542,487,1413,-379,649,1570,-651,474,1579,-451,648,1603,-735,462,1610,-515,634,1607,-725,481,1613,-520,630,1596,-660,491,1601,-467,642,912,-44,527,912,44,644,650,24,510,653,110,647,428,361,482,432,454,636,411,379,490,414,472,648,350,117,443,353,223,
574,1330,-449,586,1348,-411,594,1349,-411,602,1350,-411,564,1346,-405,558,1345,-405,552,1345,-405,615,1339,-232,545,1333,-199,591,1312,-383,562,1308,-374,667,1254,-287,507,1244,-165,663,1415,-510,480,1413,-321,647,1572,-624,471,1580,-399,645,1603,-709,460,1611,-465,631,1607,-698,479,1613,-470,628,1597,-632,488,1602,-416,638,912,-45,522,912,45,641,649,24,505,653,117,645,425,342,481,432,449,634,408,358,488,413,466,648,349,100,441,355,221,
570,1331,-450,582,1349,-412,590,1350,-412,598,1350,-412,560,1346,-406,553,1346,-406,548,1345,-406,611,1339,-231,540,1334,-199,587,1314,-383,558,1310,-374,662,1254,-285,502,1244,-162,662,1415,-506,476,1413,-319,646,1572,-618,467,1581,-399,645,1603,-704,459,1612,-465,631,1607,-693,479,1616,-471,627,1597,-626,487,1604,-416,634,912,-46,517,912,46,637,648,24,500,653,127,642,425,347,480,432,469,632,407,364,490,412,487,648,349,103,440,354,244,
565,1337,-489,577,1353,-451,586,1354,-451,594,1354,-451,554,1351,-443,548,1351,-443,542,1350,-443,608,1340,-271,534,1336,-229,582,1318,-423,553,1315,-411,659,1254,-326,497,1245,-184,661,1415,-552,473,1416,-334,641,1574,-663,467,1586,-411,642,1604,-752,458,1620,-476,628,1608,-738,477,1623,-481,623,1598,-671,486,1611,-428,631,913,-50,512,912,50,633,648,24,496,653,146,640,425,350,479,432,490,630,407,366,490,412,508,646,349,107,439,354,263,
564,1341,-588,575,1356,-552,583,1356,-552,592,1356,-552,552,1354,-546,546,1353,-546,539,1352,-546,604,1341,-370,530,1337,-336,581,1322,-519,552,1318,-510,656,1254,-400,493,1245,-294,657,1417,-618,470,1417,-452,638,1575,-727,464,1588,-529,639,1604,-813,456,1621,-594,622,1608,-798,475,1624,-599,616,1599,-733,482,1613,-545,627,913,-49,509,912,49,631,650,33,492,653,146,636,425,363,479,432,495,626,407,379,489,412,513,645,349,117,439,353,267,
564,1341,-557,574,1357,-519,582,1357,-519,590,1358,-519,551,1354,-515,544,1353,-515,538,1352,-515,601,1342,-334,528,1338,-307,581,1322,-487,551,1318,-479,653,1255,-366,493,1246,-267,655,1417,-586,467,1418,-429,639,1576,-701,462,1590,-507,639,1604,-787,454,1623,-574,624,1608,-773,473,1626,-577,618,1599,-708,481,1616,-522,625,914,-49,508,913,49,628,651,36,491,653,145,633,426,369,479,434,493,622,407,387,489,413,511,644,349,122,438,353,265,
562,1341,-568,571,1357,-533,579,1357,-533,588,1358,-533,549,1354,-527,542,1353,-527,536,1352,-527,600,1342,-349,527,1338,-316,579,1322,-498,549,1318,-489,651,1255,-379,493,1248,-266,654,1417,-606,464,1418,-423,639,1576,-723,460,1591,-505,638,1603,-811,454,1627,-571,623,1608,-795,471,1630,-575,618,1599,-730,479,1619,-521,624,915,-49,506,914,49,625,652,39,489,654,151,628,427,372,478,436,498,617,407,390,489,414,516,641,351,127,438,353,273,
560,1339,-569,570,1356,-533,578,1356,-533,587,1357,-534,547,1353,-528,540,1352,-528,534,1351,-528,599,1342,-349,526,1337,-319,578,1320,-498,548,1315,-490,650,1255,-375,492,1249,-272,653,1417,-598,462,1419,-432,639,1576,-711,460,1593,-513,637,1603,-798,454,1627,-580,622,1608,-782,471,1631,-583,618,1599,-718,479,1621,-529,622,915,-48,503,914,47,622,651,40,485,654,148,626,427,378,472,436,494,614,407,397,485,414,512,641,350,134,438,353,268,
560,1338,-553,569,1356,-517,577,1356,-517,585,1357,-517,547,1353,-512,540,1352,-512,533,1351,-512,597,1342,-337,525,1338,-305,578,1319,-483,547,1315,-475,649,1255,-346,490,1250,-268,652,1417,-532,461,1421,-430,640,1576,-633,459,1594,-500,639,1603,-714,453,1628,-567,624,1608,-703,471,1632,-569,619,1600,-642,479,1621,-515,621,915,-36,501,914,36,621,652,44,481,655,129,623,427,378,466,438,474,610,407,397,480,416,493,640,350,135,436,353,251,
559,1336,-569,568,1355,-531,576,1356,-531,585,1356,-531,546,1352,-529,539,1351,-529,533,1350,-529,596,1342,-341,524,1337,-327,577,1318,-497,546,1313,-494,648,1255,-348,489,1250,-296,651,1416,-536,460,1421,-464,641,1574,-640,458,1595,-530,639,1603,-724,452,1628,-598,624,1609,-712,470,1632,-598,619,1600,-648,478,1622,-543,619,915,-31,500,914,30,620,652,44,479,655,121,622,426,370,461,438,461,609,407,387,473,416,479,640,347,127,436,353,235,
560,1334,-579,569,1354,-541,577,1355,-541,585,1355,-541,547,1351,-538,540,1350,-538,534,1350,-538,596,1342,-346,525,1337,-330,578,1316,-506,547,1311,-501,648,1255,-359,489,1250,-294,651,1415,-569,459,1421,-464,641,1574,-688,457,1595,-539,639,1603,-775,451,1627,-607,625,1609,-766,470,1630,-608,620,1600,-698,477,1621,-553,617,915,-24,498,914,23,619,653,54,476,656,113,622,426,376,455,438,452,608,407,394,466,416,470,643,347,136,433,353,218,
559,1333,-571,568,1353,-532,576,1354,-532,584,1355,-532,547,1351,-530,540,1350,-530,534,1349,-530,596,1342,-339,526,1337,-327,576,1315,-498,546,1311,-495,648,1255,-356,489,1250,-280,652,1415,-571,459,1421,-433,641,1573,-692,456,1595,-516,640,1603,-778,450,1626,-584,625,1609,-768,468,1630,-586,620,1600,-701,475,1621,-530,615,915,-25,496,914,24,620,655,46,474,657,114,621,426,369,454,439,453,608,407,387,466,417,471,642,348,126,433,354,220,
557,1334,-566,567,1353,-528,575,1354,-528,583,1355,-528,546,1351,-524,539,1350,-524,533,1349,-524,594,1342,-341,525,1338,-317,574,1316,-495,545,1311,-488,647,1255,-366,488,1250,-274,652,1414,-592,458,1421,-429,641,1573,-718,453,1595,-511,640,1603,-807,447,1626,-580,625,1609,-796,465,1630,-583,620,1600,-726,471,1621,-527,614,916,-27,494,915,26,619,657,37,473,660,116,622,426,355,452,441,455,608,406,372,463,418,473,642,348,105,430,356,224,
557,1334,-530,567,1354,-492,574,1355,-492,583,1355,-492,545,1351,-485,539,1350,-485,533,1350,-485,594,1342,-309,524,1338,-275,574,1317,-462,544,1312,-453,648,1255,-345,488,1250,-237,652,1414,-577,457,1421,-391,641,1573,-708,451,1593,-476,640,1604,-798,446,1625,-543,626,1609,-788,464,1629,-547,621,1600,-717,470,1620,-491,612,916,-27,492,916,27,620,657,36,471,660,114,622,424,355,452,443,455,608,404,372,463,420,472,643,348,105,429,357,224,
557,1336,-513,567,1354,-475,575,1355,-475,583,1356,-475,546,1352,-471,539,1351,-471,533,1351,-470,594,1343,-291,524,1338,-266,574,1319,-445,545,1315,-438,648,1254,-321,487,1251,-231,653,1414,-533,456,1421,-382,646,1573,-660,448,1593,-468,645,1604,-747,443,1624,-536,631,1609,-741,462,1629,-541,626,1600,-671,467,1619,-484,611,916,-27,490,917,26,620,657,35,469,661,106,622,424,338,453,447,440,608,404,353,463,423,458,643,348,86,428,360,217,
558,1338,-560,567,1356,-520,575,1356,-520,583,1357,-520,546,1353,-518,539,1352,-518,533,1352,-518,594,1343,-320,525,1339,-308,575,1321,-486,545,1317,-483,648,1254,-330,487,1252,-281,653,1414,-538,456,1421,-446,649,1574,-663,448,1593,-528,649,1605,-750,443,1622,-601,635,1610,-749,462,1627,-605,629,1601,-677,467,1619,-544,610,916,-16,489,917,16,620,656,43,468,661,96,622,423,374,451,444,443,607,402,393,460,421,460,648,347,125,428,359,212,
558,1338,-557,567,1356,-517,575,1356,-517,584,1357,-517,546,1353,-514,539,1352,-514,533,1352,-514,594,1343,-320,525,1339,-305,575,1321,-484,545,1317,-479,647,1254,-331,487,1253,-275,653,1414,-541,456,1422,-441,652,1575,-664,449,1593,-518,653,1606,-751,444,1622,-595,638,1611,-748,462,1628,-598,632,1602,-677,468,1619,-535,609,915,-18,487,917,18,620,655,41,466,661,98,622,423,376,450,446,445,606,402,395,460,422,465,647,347,128,426,360,219,
