509,1286,-155,525,1304,-120,533,1302,-120,541,1301,-121,499,1302,-106,491,1301,-106,484,1299,-106,556,1286,61,478,1282,126,532,1261,-90,498,1263,-72,628,1139,148,424,1136,222,745,1031,-79,302,1027,29,703,1188,-330,314,1185,-281,697,1225,-383,310,1220,-356,690,1229,-346,324,1225,-312,687,1216,-322,330,1212,-278,583,830,-15,458,830,14,614,543,-142,441,526,-64,652,309,89,421,293,171,650,277,101,427,263,185,675,205,-154,389,203,-64,
509,1286,-77,525,1303,-33,534,1302,-33,542,1301,-34,499,1302,-30,491,1301,-30,484,1299,-30,556,1286,166,476,1282,177,532,1261,-7,498,1263,-4,623,1143,251,419,1138,256,747,1052,91,288,1041,89,703,1202,-97,313,1195,-158,697,1240,-151,310,1232,-229,689,1243,-118,325,1235,-184,686,1229,-91,331,1219,-153,581,833,-2,454,831,2,614,543,-49,441,523,-66,653,302,86,420,286,80,650,274,90,427,257,84,691,206,-155,389,200,-162,
509,1286,-65,524,1303,-21,533,1302,-21,541,1301,-21,498,1302,-20,490,1301,-20,482,1299,-20,553,1286,173,472,1282,175,531,1262,1,497,1263,1,614,1144,261,414,1144,252,752,1087,126,272,1083,117,705,1232,-21,311,1232,-32,697,1272,-63,314,1267,-88,687,1275,-27,330,1268,-31,684,1263,-13,333,1254,-20,573,839,3,447,838,-4,613,543,-49,440,523,-79,653,299,31,419,284,20,649,271,27,427,255,20,696,206,-213,389,198,-226,
502,1285,-68,516,1302,-21,524,1302,-21,533,1300,-21,490,1301,-20,481,1300,-20,475,1298,-20,546,1285,182,465,1282,180,521,1260,1,486,1261,0,603,1145,270,405,1146,249,754,1134,165,254,1133,162,702,1278,105,317,1287,161,691,1318,71,328,1323,112,681,1321,109,342,1323,175,678,1306,114,343,1308,176,559,840,6,435,838,-6,607,542,-70,435,524,-103,653,291,-7,419,280,-8,648,264,-13,428,251,-9,696,205,-280,389,193,-272,
497,1285,-48,510,1302,3,519,1302,4,527,1300,3,484,1301,4,475,1300,4,469,1298,4,540,1285,215,456,1282,220,513,1260,22,480,1261,22,594,1148,273,396,1149,266,754,1182,125,248,1190,160,696,1330,40,317,1330,134,687,1367,-5,331,1368,73,674,1365,35,346,1362,136,672,1351,47,345,1345,146,547,840,4,422,838,-4,602,542,-81,428,525,-129,648,292,0,419,280,-35,642,262,-3,429,250,-38,695,205,-280,389,193,-313,
495,1286,-67,507,1303,-11,516,1302,-11,524,1301,-11,481,1303,-12,472,1301,-12,466,1300,-12,535,1285,216,451,1283,207,510,1261,7,478,1262,6,584,1151,261,390,1158,251,743,1233,103,247,1239,147,691,1379,5,320,1377,58,684,1421,-47,338,1417,-6,671,1421,-13,350,1410,48,669,1402,7,349,1394,66,542,840,7,415,838,-7,601,542,-85,424,526,-131,627,313,67,419,280,14,614,284,71,430,253,16,684,218,-214,391,194,-264,
490,1287,-125,503,1303,-55,511,1303,-55,519,1301,-55,476,1303,-63,467,1302,-63,460,1301,-63,529,1286,186,446,1285,169,505,1261,-39,473,1262,-50,580,1155,246,386,1169,155,720,1271,111,254,1283,13,687,1423,43,326,1427,-13,684,1468,-9,341,1468,-77,672,1466,0,355,1460,-16,669,1451,35,355,1444,-4,538,840,23,413,837,-23,601,551,-37,420,528,-149,587,359,384,419,281,-8,566,335,416,430,256,-8,639,262,208,393,194,-298,
486,1289,-306,499,1305,-246,507,1304,-246,515,1302,-246,471,1306,-253,462,1305,-253,455,1303,-253,524,1287,-8,442,1287,-38,500,1262,-225,468,1263,-234,572,1159,41,384,1176,-50,695,1298,-47,257,1317,-236,688,1461,-173,325,1463,-318,687,1498,-236,340,1497,-394,675,1501,-252,356,1494,-351,670,1490,-194,355,1483,-317,530,840,42,409,837,-42,601,564,-10,418,530,-154,540,443,585,418,281,-28,513,447,639,427,257,-29,582,331,526,397,195,-299,
478,1291,-607,493,1306,-554,502,1305,-554,510,1303,-554,465,1307,-559,456,1306,-559,449,1304,-560,519,1287,-312,438,1288,-338,494,1263,-521,461,1265,-529,569,1163,-231,382,1175,-330,674,1324,-317,284,1330,-524,688,1497,-457,325,1498,-631,698,1533,-520,337,1536,-709,690,1540,-541,355,1535,-683,681,1525,-480,354,1524,-636,522,841,52,402,838,-52,601,571,42,414,535,-106,485,528,791,417,279,120,450,540,864,425,256,132,478,431,790,398,195,-122,
474,1292,-499,489,1308,-449,497,1306,-449,505,1304,-449,462,1308,-456,453,1307,-456,445,1306,-456,516,1287,-229,437,1290,-262,491,1265,-422,458,1267,-432,569,1171,-200,384,1180,-267,656,1343,-292,317,1343,-448,691,1516,-406,320,1527,-544,706,1549,-460,322,1573,-608,702,1557,-475,335,1576,-591,694,1546,-427,337,1563,-554,516,841,42,395,839,-42,601,573,12,407,535,-93,483,668,676,416,279,112,458,720,754,424,251,125,428,602,773,398,195,-84,
470,1293,-505,485,1308,-459,493,1306,-459,502,1305,-460,457,1309,-463,448,1308,-463,441,1307,-463,512,1288,-250,434,1291,-268,488,1266,-431,454,1268,-436,566,1179,-236,384,1193,-262,642,1349,-342,343,1362,-416,694,1520,-466,312,1552,-499,713,1555,-523,307,1596,-561,709,1560,-541,318,1602,-547,700,1554,-487,321,1589,-511,511,841,37,389,839,-37,600,572,4,402,534,-5,509,720,760,416,284,238,490,776,845,424,251,259,461,665,900,398,202,92,
466,1292,-414,479,1308,-375,487,1306,-375,496,1305,-376,454,1309,-374,446,1308,-374,439,1307,-374,509,1288,-192,434,1291,-184,483,1266,-347,452,1268,-346,565,1182,-202,385,1195,-168,638,1346,-318,357,1368,-282,694,1522,-438,306,1547,-380,712,1559,-495,299,1595,-442,706,1564,-510,306,1602,-421,698,1556,-458,310,1590,-390,509,840,31,387,837,-31,597,570,-10,401,533,11,515,701,652,414,288,261,497,752,729,421,255,282,473,638,778,399,209,130,
467,1290,-390,478,1307,-350,486,1306,-350,495,1304,-350,454,1308,-349,446,1307,-349,439,1306,-349,507,1288,-163,433,1290,-158,484,1265,-322,453,1265,-321,563,1179,-174,386,1190,-143,636,1342,-287,359,1372,-265,689,1519,-386,307,1548,-361,705,1560,-445,301,1597,-421,699,1564,-455,310,1604,-404,692,1552,-403,314,1590,-374,504,836,31,383,832,-30,589,565,-10,400,531,41,506,706,667,412,292,274,487,758,744,419,262,294,462,648,808,399,216,150,
468,1289,-403,480,1307,-361,488,1306,-361,497,1304,-361,455,1307,-365,447,1307,-365,440,1305,-365,509,1287,-167,432,1289,-185,485,1264,-333,453,1264,-338,562,1177,-181,385,1189,-166,633,1343,-278,359,1369,-289,682,1516,-358,313,1542,-376,693,1563,-415,301,1592,-430,688,1565,-420,311,1597,-416,683,1551,-374,316,1581,-389,504,830,30,382,828,-29,589,560,-13,397,527,44,503,717,665,408,293,274,483,771,742,417,264,294,461,664,814,399,218,157,
469,1286,-402,481,1305,-359,489,1304,-359,498,1303,-360,455,1304,-366,447,1304,-366,439,1302,-366,508,1286,-161,430,1286,-189,485,1261,-330,453,1261,-338,557,1177,-167,383,1187,-170,631,1339,-254,358,1365,-293,678,1512,-343,317,1535,-374,689,1559,-402,303,1587,-427,684,1562,-400,312,1592,-412,679,1547,-355,319,1574,-386,503,824,28,381,822,-28,588,556,-6,396,525,33,505,721,674,404,294,256,487,775,751,414,265,276,467,670,829,399,218,141,
470,1286,-449,481,1305,-405,490,1304,-405,498,1303,-406,456,1304,-412,448,1303,-412,440,1302,-412,508,1285,-203,431,1285,-232,486,1261,-376,454,1261,-385,557,1177,-208,383,1187,-214,632,1339,-304,356,1368,-348,676,1512,-385,319,1539,-424,688,1559,-440,303,1588,-477,682,1562,-445,312,1593,-460,676,1549,-400,320,1577,-435,504,823,27,382,819,-27,589,552,-35,397,526,16,497,684,654,401,295,239,476,734,732,412,268,259,452,619,784,398,218,110,
470,1282,-483,481,1301,-438,490,1301,-438,499,1300,-438,457,1300,-448,448,1299,-448,441,1298,-448,509,1282,-228,432,1283,-272,487,1258,-407,454,1259,-420,558,1173,-221,383,1183,-251,636,1334,-326,355,1365,-419,676,1504,-429,319,1539,-512,687,1551,-488,304,1587,-563,681,1557,-496,314,1591,-549,676,1542,-447,322,1576,-523,506,824,32,384,819,-32,589,552,-60,398,527,-69,456,655,627,401,294,113,444,698,721,412,265,127,420,602,697,397,216,-51,
471,1280,-510,482,1300,-464,490,1299,-464,499,1298,-465,458,1298,-472,450,1298,-472,442,1297,-472,509,1280,-251,432,1281,-288,487,1257,-433,454,1258,-443,559,1170,-226,385,1179,-269,638,1331,-341,352,1362,-443,677,1504,-474,319,1539,-557,686,1549,-539,305,1584,-615,679,1555,-550,315,1589,-604,675,1540,-494,322,1574,-569,506,824,37,384,822,-37,589,553,-11,398,529,-97,453,545,606,401,294,64,418,558,678,412,263,71,420,468,671,397,215,-148,
472,1279,-487,483,1298,-449,491,1298,-449,499,1296,-450,459,1297,-460,450,1296,-461,442,1295,-461,509,1278,-245,432,1279,-262,487,1256,-411,454,1257,-426,559,1168,-223,385,1174,-263,653,1326,-308,345,1354,-426,677,1498,-430,317,1529,-496,685,1542,-494,305,1575,-546,676,1548,-504,316,1579,-528,672,1534,-449,322,1564,-503,506,824,37,386,822,-36,580,553,-15,400,529,-82,465,466,511,401,298,78,433,473,559,410,275,98,440,370,449,399,215,-90,
472,1279,-372,483,1298,-324,491,1298,-324,499,1296,-325,459,1297,-321,450,1297,-321,442,1295,-321,510,1278,-123,433,1279,-104,487,1256,-303,455,1257,-300,562,1167,-98,386,1173,-92,678,1310,-217,325,1351,-235,677,1470,-344,313,1517,-353,684,1512,-417,305,1556,-428,674,1516,-440,316,1562,-413,670,1502,-368,321,1547,-368,511,825,32,387,823,-32,573,556,82,401,531,-73,494,413,522,401,299,67,467,398,567,410,276,66,527,310,410,399,210,-191,
474,1279,-197,487,1298,-143,495,1297,-143,503,1296,-143,463,1297,-142,455,1297,-142,447,1295,-142,514,1278,73,436,1279,72,490,1256,-124,459,1257,-124,567,1164,98,386,1172,81,696,1282,13,301,1327,-81,678,1434,-38,308,1489,-162,682,1473,-98,304,1520,-232,672,1475,-101,316,1524,-201,669,1463,-52,320,1511,-168,527,828,25,395,826,-25,574,555,43,401,532,-48,548,361,257,401,298,94,523,331,269,410,274,98,591,253,63,398,202,-147,
477,1283,-60,489,1300,-1,497,1298,-1,505,1297,-1,466,1299,-2,459,1298,-2,451,1297,-2,516,1279,224,440,1280,218,493,1258,15,462,1259,13,571,1161,246,387,1172,238,720,1233,95,276,1304,85,678,1388,14,308,1451,45,680,1426,-42,308,1480,-16,670,1427,-17,320,1477,38,667,1413,12,322,1465,51,536,834,14,404,831,-13,575,553,-6,402,532,-66,584,325,134,401,298,76,570,298,137,412,271,76,628,230,-112,396,199,-183,
487,1283,-75,496,1299,-22,503,1297,-22,509,1295,-22,475,1299,-26,468,1298,-26,460,1297,-26,518,1278,191,446,1280,172,501,1258,-1,472,1259,-7,577,1158,230,389,1172,213,741,1185,64,253,1256,74,683,1331,-75,308,1396,24,680,1368,-128,312,1430,-33,670,1373,-100,324,1425,24,667,1358,-74,325,1409,34,542,843,-1,413,839,1,575,551,-34,404,532,-69,609,320,95,400,298,43,602,300,95,412,265,40,619,211,-171,395,199,-211,
495,1282,-62,505,1298,-11,512,1296,-11,519,1293,-11,483,1299,-15,474,1298,-15,467,1297,-15,526,1277,202,451,1280,183,507,1256,11,479,1259,4,582,1152,255,393,1167,233,742,1128,72,251,1197,64,690,1273,-87,308,1338,-49,683,1314,-140,314,1371,-111,670,1316,-106,327,1369,-55,667,1302,-83,328,1356,-40,550,847,-2,422,844,2,579,547,-54,409,533,-90,625,311,88,400,290,27,619,282,90,413,256,27,634,196,-169,390,193,-223,
504,1281,-57,514,1297,-11,521,1296,-11,530,1293,-11,490,1299,-14,481,1298,-14,472,1297,-14,539,1277,188,456,1281,170,516,1254,12,489,1257,6,592,1147,258,402,1162,226,736,1074,82,253,1131,56,692,1222,-128,309,1275,-98,686,1256,-181,316,1316,-154,672,1262,-151,330,1310,-97,669,1249,-125,331,1289,-85,558,848,0,434,846,0,586,543,-48,417,533,-91,636,301,30,402,285,-14,628,265,25,416,254,-18,647,194,-216,388,192,-255,
515,1279,-84,526,1294,-41,534,1293,-41,542,1290,-41,502,1296,-42,493,1295,-42,483,1295,-42,552,1275,159,467,1280,149,526,1251,-11,499,1254,-14,603,1141,230,411,1153,220,729,1022,40,260,1069,40,692,1164,-235,316,1220,-246,686,1202,-301,318,1256,-320,674,1210,-274,334,1260,-290,670,1199,-231,338,1242,-244,571,847,-2,448,845,2,596,539,-43,421,531,-86,644,292,76,405,281,6,642,262,77,420,251,5,644,192,-171,387,190,-234,
520,1278,-7,532,1293,33,541,1291,33,549,1290,33,509,1293,38,501,1293,38,492,1292,38,564,1275,223,480,1277,243,534,1251,61,508,1253,67,620,1137,293,425,1142,314,719,985,116,308,1027,173,685,1124,-168,335,1182,-156,684,1160,-239,326,1218,-236,674,1172,-218,341,1224,-225,670,1160,-167,348,1212,-159,577,847,-7,455,847,7,604,538,-52,426,531,-97,648,282,48,406,280,-9,641,252,48,420,248,-8,652,189,-206,386,186,-255,
529,1277,13,542,1291,53,550,1290,53,559,1289,53,518,1291,59,509,1290,60,499,1289,60,576,1274,237,491,1274,267,545,1251,80,518,1252,88,635,1134,290,437,1136,345,712,969,110,344,998,201,683,1109,-167,352,1153,-147,684,1147,-237,338,1192,-228,675,1160,-219,350,1201,-220,670,1147,-168,359,1188,-152,590,846,-14,468,847,14,611,534,-50,432,531,-89,649,275,78,409,279,2,644,247,81,423,248,10,646,188,-179,385,185,-243,
535,1275,5,548,1290,44,557,1289,44,565,1289,44,524,1288,54,515,1287,54,506,1286,54,583,1274,223,499,1271,268,552,1250,70,525,1250,82,650,1134,275,449,1131,346,717,981,81,356,996,211,684,1122,-188,362,1150,-120,685,1159,-258,351,1187,-199,680,1170,-240,364,1196,-185,674,1158,-188,372,1183,-125,600,840,-19,481,844,19,619,532,-51,442,529,-83,651,276,80,409,278,8,646,250,82,423,248,18,644,186,-185,384,186,-228,
547,1273,-41,559,1289,0,567,1288,0,575,1288,0,535,1286,4,527,1285,4,517,1283,4,591,1273,189,508,1267,210,563,1250,26,537,1248,32,656,1134,248,458,1127,279,747,1009,69,356,1005,127,706,1147,-277,375,1150,-209,705,1187,-344,369,1189,-285,697,1195,-319,384,1196,-257,692,1184,-275,391,1183,-206,616,839,-16,492,844,16,624,532,-49,452,527,-83,652,278,69,413,278,16,647,252,67,427,249,19,646,189,-190,384,186,-224,
556,1272,-58,568,1288,-16,576,1288,-16,584,1287,-16,545,1286,-12,536,1285,-12,527,1283,-12,599,1273,164,518,1267,200,571,1249,12,546,1247,15,664,1135,245,468,1127,240,777,1035,51,348,1036,54,731,1178,-250,372,1178,-253,728,1217,-312,368,1213,-318,716,1225,-294,385,1218,-287,711,1212,-249,392,1204,-248,627,837,-16,505,844,16,633,532,-51,464,531,-61,652,283,7,426,303,21,650,259,0,435,274,26,644,192,-249,384,220,-196,
563,1272,-104,572,1288,-73,580,1288,-73,588,1287,-74,549,1286,-69,540,1285,-69,532,1283,-69,600,1273,69,523,1267,92,580,1249,-54,554,1247,-49,672,1136,141,475,1128,113,799,1090,-23,348,1057,-92,749,1224,-239,374,1202,-329,744,1263,-293,375,1241,-386,729,1261,-262,392,1244,-341,725,1248,-238,397,1228,-319,634,835,-8,511,843,7,638,532,-123,471,543,-16,650,291,-128,442,367,256,652,269,-142,454,351,276,640,192,-365,398,271,152,
569,1276,-235,577,1292,-196,584,1292,-196,592,1291,-196,555,1290,-194,547,1288,-194,539,1286,-194,602,1278,-22,529,1270,-10,586,1253,-175,560,1251,-171,677,1145,34,480,1135,58,815,1153,-156,337,1093,-162,759,1290,-364,372,1243,-430,754,1325,-409,379,1294,-496,740,1325,-376,394,1298,-447,737,1311,-358,397,1282,-421,638,835,-23,515,843,23,640,533,-213,481,552,112,650,290,-236,472,447,633,653,267,-252,484,438,682,638,187,-492,424,341,624,
572,1280,-266,581,1298,-221,589,1297,-221,597,1296,-221,559,1295,-218,550,1293,-218,542,1290,-218,607,1282,-31,532,1275,-11,588,1258,-200,559,1255,-194,677,1154,24,486,1146,76,829,1205,-134,337,1171,-115,769,1351,-349,376,1334,-333,768,1388,-352,380,1374,-401,753,1384,-300,395,1372,-356,749,1371,-342,398,1357,-326,643,834,-38,515,843,38,641,533,-192,485,560,105,649,289,-150,495,517,693,650,267,-158,504,517,752,639,189,-394,469,414,722,
578,1288,-257,585,1303,-205,592,1302,-205,599,1301,-206,563,1301,-204,555,1299,-204,547,1296,-204,611,1285,-1,535,1279,7,594,1265,-189,566,1262,-186,678,1161,51,491,1153,90,829,1252,-111,344,1231,16,785,1402,-176,374,1390,-72,791,1445,-208,375,1433,-133,778,1442,-196,390,1435,-96,772,1425,-183,394,1417,-72,647,832,-33,518,842,32,643,533,-116,486,576,-8,650,291,-69,521,635,621,648,269,-72,525,644,691,640,192,-341,515,562,725,
577,1289,-300,585,1304,-252,592,1304,-252,600,1303,-252,564,1303,-251,556,1300,-251,549,1297,-251,613,1286,-50,537,1282,-46,593,1266,-231,566,1263,-230,680,1167,-2,492,1163,16,821,1285,-93,351,1279,-43,808,1448,-184,371,1445,-158,819,1484,-231,369,1488,-222,805,1486,-249,386,1487,-172,799,1476,-209,391,1474,-152,645,835,-32,518,842,31,645,538,-35,485,595,-61,653,290,-45,542,690,617,651,266,-46,551,737,692,640,194,-286,556,640,768,
577,1290,-354,586,1305,-309,594,1304,-309,601,1303,-309,564,1303,-307,557,1301,-307,549,1298,-307,614,1288,-113,541,1283,-100,594,1265,-285,567,1263,-280,682,1171,-88,495,1170,-58,809,1308,-183,377,1310,-166,829,1473,-322,363,1484,-313,841,1513,-369,348,1529,-389,831,1519,-401,357,1531,-376,825,1506,-348,366,1517,-327,644,838,-31,519,844,31,646,538,10,480,603,-92,654,288,114,562,723,636,654,263,118,578,758,718,641,193,-82,603,675,805,
577,1289,-471,587,1304,-435,594,1304,-435,601,1303,-435,564,1303,-425,557,1301,-425,550,1298,-425,615,1287,-257,546,1283,-209,595,1265,-405,568,1262,-391,685,1176,-245,506,1173,-168,799,1336,-385,407,1336,-271,840,1497,-544,353,1507,-418,859,1537,-591,328,1551,-490,853,1542,-624,333,1555,-496,845,1532,-569,344,1542,-441,648,837,-35,521,844,34,647,537,16,479,602,-122,656,287,231,582,695,638,654,260,244,607,739,722,642,191,36,625,623,797,
582,1289,-504,589,1304,-471,597,1303,-471,604,1302,-471,567,1303,-465,560,1300,-465,552,1298,-465,616,1287,-288,547,1282,-259,600,1264,-435,573,1262,-426,685,1180,-256,514,1176,-220,775,1352,-387,432,1342,-335,847,1501,-548,346,1513,-484,871,1539,-593,319,1552,-549,869,1542,-626,323,1556,-564,858,1532,-574,334,1546,-509,650,837,-34,524,845,33,650,537,15,477,600,-139,657,281,213,574,697,652,652,251,225,589,738,739,649,185,24,615,634,824,
585,1289,-527,591,1304,-493,599,1303,-493,605,1302,-493,569,1302,-488,562,1300,-488,555,1298,-488,617,1287,-316,550,1282,-289,602,1265,-461,575,1262,-452,687,1181,-304,515,1176,-242,768,1353,-450,437,1346,-351,839,1520,-610,347,1517,-480,867,1552,-655,323,1555,-542,864,1555,-688,328,1560,-553,853,1548,-636,338,1550,-503,655,837,-33,526,845,33,650,536,5,475,600,-125,660,283,204,578,695,674,653,254,215,596,730,761,650,181,5,618,620,847,
585,1288,-591,592,1304,-553,599,1303,-553,606,1302,-553,569,1302,-551,562,1300,-551,555,1297,-551,619,1287,-358,550,1282,-348,602,1264,-517,575,1262,-514,689,1179,-328,516,1174,-307,767,1345,-469,442,1344,-431,831,1515,-624,351,1519,-554,853,1554,-673,323,1559,-620,849,1557,-701,331,1565,-628,840,1547,-649,339,1554,-576,658,837,-31,530,845,31,651,536,-32,474,598,-130,662,283,187,564,638,729,652,256,202,586,664,821,651,180,-15,589,559,870,
585,1282,-581,593,1302,-540,601,1302,-540,608,1301,-540,570,1299,-539,563,1297,-539,556,1295,-539,621,1285,-336,550,1279,-326,603,1261,-505,575,1259,-502,689,1178,-310,516,1174,-283,767,1341,-459,444,1335,-412,827,1512,-608,355,1517,-539,844,1556,-660,328,1558,-607,839,1561,-682,334,1565,-611,831,1548,-631,344,1553,-559,660,834,-30,530,844,30,654,537,-77,469,595,-145,663,288,168,556,611,727,654,259,183,582,657,817,649,181,-41,574,520,843,
587,1279,-527,594,1301,-483,602,1300,-483,610,1300,-483,572,1297,-481,564,1295,-481,558,1293,-481,622,1283,-277,551,1278,-262,604,1259,-451,577,1257,-446,689,1177,-273,517,1172,-207,768,1334,-444,444,1329,-328,825,1505,-604,361,1514,-474,842,1552,-665,333,1557,-541,836,1557,-682,338,1563,-536,829,1543,-627,350,1549,-489,658,833,-47,529,842,47,658,545,-308,461,594,-97,663,294,-102,553,533,753,655,265,-92,575,533,834,648,183,-365,549,432,813,
588,1278,-522,595,1300,-457,603,1300,-457,610,1299,-458,572,1297,-461,565,1295,-461,558,1292,-461,621,1282,-225,550,1276,-212,605,1258,-436,578,1255,-433,689,1177,-231,516,1170,-168,770,1329,-384,440,1325,-268,825,1503,-547,363,1508,-393,843,1552,-604,336,1554,-470,838,1557,-620,342,1560,-469,830,1542,-567,354,1545,-415,656,831,-49,528,840,49,661,544,-304,457,591,-97,662,296,-119,523,485,681,654,267,-113,552,478,755,648,184,-380,481,369,768,
587,1277,-495,594,1300,-427,602,1300,-427,610,1299,-428,573,1296,-427,566,1294,-426,559,1291,-426,621,1282,-209,551,1276,-184,604,1258,-417,578,1255,-406,689,1176,-213,515,1169,-166,776,1324,-364,434,1323,-265,827,1495,-540,365,1501,-396,843,1544,-585,340,1549,-474,837,1550,-600,347,1555,-472,829,1534,-562,359,1539,-419,655,831,-48,527,840,48,660,544,-229,455,582,-126,661,298,-85,485,419,449,648,274,-55,512,409,495,648,184,-278,430,299,369,
587,1276,-414,594,1299,-363,601,1299,-363,609,1299,-364,572,1295,-359,565,1293,-358,558,1290,-358,621,1282,-169,550,1275,-137,604,1257,-347,578,1253,-335,689,1176,-174,514,1168,-114,785,1319,-325,423,1319,-251,827,1488,-468,364,1494,-396,841,1537,-538,344,1541,-474,835,1542,-554,352,1547,-470,827,1525,-493,361,1531,-418,653,831,-42,525,840,42,660,544,-136,455,569,-75,660,300,91,452,368,293,645,280,100,474,349,314,648,185,-186,407,259,112,
584,1276,-262,592,1299,-214,600,1299,-214,608,1299,-214,571,1295,-207,564,1293,-207,557,1290,-207,621,1282,-26,550,1275,12,602,1257,-198,575,1253,-186,688,1175,-33,510,1167,53,794,1315,-166,400,1315,-62,826,1480,-278,365,1488,-222,838,1524,-350,352,1532,-303,828,1533,-366,362,1539,-286,820,1514,-302,368,1523,-237,650,833,-40,521,841,40,654,544,-134,455,549,-71,658,300,83,432,345,169,642,280,97,452,327,178,647,185,-203,395,233,-40,
574,1276,-154,586,1299,-109,594,1299,-109,602,1299,-109,565,1295,-98,558,1293,-98,551,1290,-98,619,1282,73,548,1275,131,593,1256,-92,565,1253,-75,688,1172,94,502,1167,182,809,1273,-16,367,1285,87,817,1445,-97,365,1451,-68,824,1481,-157,360,1486,-144,811,1487,-153,373,1488,-112,805,1475,-108,377,1477,-73,643,835,-39,514,843,39,649,543,-98,454,538,-57,658,300,103,411,328,150,642,280,110,421,305,157,646,186,-184,390,220,-77,
574,1278,-93,585,1300,-44,594,1299,-44,602,1299,-44,563,1296,-40,556,1294,-40,548,1292,-40,617,1282,157,543,1276,177,593,1257,-25,564,1254,-19,687,1168,198,492,1164,233,819,1229,81,340,1247,115,804,1386,0,365,1403,18,810,1427,-55,365,1443,-50,796,1427,-32,381,1440,0,789,1412,-2,383,1425,22,630,834,-26,500,841,26,646,535,-67,451,529,-59,658,299,128,400,311,124,642,276,135,409,285,134,648,185,-135,387,199,-95,
573,1278,-63,585,1300,-23,593,1299,-24,602,1299,-24,560,1296,-20,551,1294,-20,544,1292,-20,615,1282,144,538,1278,160,593,1257,-7,560,1254,-3,682,1160,192,480,1160,202,816,1164,32,316,1186,67,790,1313,-110,364,1336,-25,784,1354,-155,366,1380,-79,771,1357,-128,381,1381,-23,768,1343,-109,384,1363,-16,624,834,-15,493,841,15,640,533,-44,447,529,-63,656,283,16,394,306,-8,641,254,5,403,280,-14,649,183,-242,379,199,-234,
570,1279,-70,582,1300,-32,591,1299,-32,599,1299,-32,555,1297,-29,546,1295,-29,539,1293,-29,612,1282,137,530,1278,149,590,1257,-12,556,1254,-10,671,1154,197,466,1159,206,810,1105,28,296,1136,41,771,1252,-139,360,1287,-94,765,1292,-181,365,1327,-150,752,1295,-149,381,1327,-87,749,1282,-134,383,1312,-82,613,834,-11,485,841,11,631,530,-28,441,529,-66,654,280,26,394,291,-34,641,252,18,399,266,-42,649,183,-228,377,186,-275,
555,1278,-47,570,1299,-6,580,1299,-6,589,1298,-6,543,1296,-2,536,1295,-2,529,1293,-2,605,1280,187,522,1278,204,577,1255,22,543,1254,26,660,1148,267,453,1155,288,783,1058,92,299,1079,125,748,1201,-129,352,1231,-109,745,1239,-186,360,1271,-178,735,1247,-157,378,1273,-130,728,1231,-126,377,1254,-102,604,834,-11,476,841,11,622,528,-29,435,525,-74,654,279,67,393,275,3,643,250,63,397,248,1,649,185,-197,378,183,-257,
543,1278,-3,557,1299,30,567,1298,30,577,1297,30,532,1296,42,525,1294,42,517,1293,42,595,1279,209,512,1278,263,566,1254,63,531,1254,78,651,1148,278,448,1153,349,745,1011,99,314,1048,187,716,1164,-147,350,1200,-127,716,1203,-211,356,1235,-202,711,1212,-194,373,1242,-163,706,1199,-147,374,1226,-127,594,837,-12,467,843,12,613,526,-47,432,524,-74,650,278,104,395,280,68,642,250,110,402,254,75,645,187,-159,380,187,-178,
539,1279,9,552,1299,47,562,1298,47,572,1297,46,526,1297,52,519,1295,52,510,1293,52,587,1279,240,503,1278,262,560,1254,81,524,1254,87,639,1144,308,439,1151,348,713,983,149,323,1024,186,689,1126,-95,347,1177,-140,688,1161,-162,350,1210,-212,685,1171,-145,366,1216,-179,680,1160,-95,368,1205,-141,584,838,-11,458,844,11,601,526,-36,427,527,-68,644,273,97,390,281,66,642,246,101,398,253,72,638,187,-164,383,192,-178,
