561,1266,-409,571,1283,-366,578,1284,-366,585,1284,-366,551,1281,-366,545,1281,-366,538,1280,-366,596,1270,-169,527,1269,-161,575,1247,-336,548,1245,-334,647,1184,-184,482,1184,-128,653,1328,-366,455,1354,-285,648,1482,-464,453,1509,-379,649,1511,-550,447,1534,-460,633,1520,-545,467,1538,-458,626,1511,-476,474,1531,-396,617,855,-26,492,856,26,629,589,38,463,606,89,638,370,342,450,375,399,621,347,356,467,353,413,673,289,82,421,299,169,
560,1267,-472,570,1284,-434,577,1284,-433,585,1285,-434,550,1282,-430,543,1281,-429,538,1281,-429,595,1272,-239,527,1270,-216,575,1248,-399,547,1247,-393,647,1185,-250,483,1186,-184,651,1329,-442,454,1348,-353,647,1484,-544,450,1504,-437,649,1513,-626,445,1531,-514,633,1520,-622,464,1536,-515,626,1511,-557,471,1529,-453,613,855,-26,490,857,26,629,589,32,465,606,89,640,369,309,450,375,388,622,346,320,467,353,401,673,289,42,421,298,155,
559,1267,-528,569,1284,-492,577,1284,-492,584,1285,-492,549,1282,-487,543,1281,-487,537,1281,-487,594,1272,-303,527,1270,-275,575,1249,-456,547,1247,-449,646,1185,-311,484,1187,-241,651,1329,-508,453,1345,-409,646,1485,-608,449,1503,-482,649,1514,-689,445,1530,-557,633,1520,-685,463,1536,-557,626,1511,-621,471,1529,-497,611,855,-26,489,857,26,629,590,32,466,606,96,641,369,308,451,376,391,622,345,319,467,353,403,673,289,41,420,297,158,
559,1267,-526,569,1284,-487,576,1284,-487,584,1285,-487,548,1282,-484,542,1281,-484,536,1281,-484,594,1272,-291,527,1270,-273,575,1249,-452,547,1247,-447,645,1185,-294,484,1187,-242,651,1328,-480,453,1343,-414,646,1484,-580,448,1503,-486,650,1514,-661,445,1530,-562,633,1520,-658,463,1535,-561,626,1510,-593,471,1528,-501,611,855,-25,488,857,25,630,589,35,466,605,98,641,368,313,451,376,401,623,343,325,468,353,414,673,290,47,420,297,169,
559,1268,-522,569,1285,-483,576,1285,-483,584,1286,-483,548,1282,-481,542,1282,-481,536,1281,-481,594,1273,-287,526,1270,-271,575,1250,-448,547,1248,-444,645,1186,-289,484,1186,-240,651,1327,-472,453,1342,-409,646,1485,-570,448,1503,-480,650,1514,-650,444,1530,-556,634,1520,-648,463,1535,-556,626,1510,-583,470,1528,-496,610,854,-25,488,856,24,630,590,35,467,605,99,641,367,312,452,376,403,623,341,323,469,353,417,673,290,48,420,296,173,
559,1268,-506,568,1285,-467,576,1286,-467,584,1286,-467,547,1283,-464,541,1282,-464,535,1281,-464,593,1274,-271,526,1270,-254,575,1251,-433,547,1248,-428,644,1186,-277,484,1186,-224,651,1326,-465,452,1341,-395,646,1485,-568,447,1503,-471,650,1514,-649,444,1530,-547,634,1520,-646,462,1535,-548,626,1510,-581,470,1528,-487,610,854,-25,488,856,25,630,589,27,467,605,99,641,366,301,452,375,402,623,341,312,469,352,415,673,289,39,420,295,173,
557,1270,-513,567,1286,-475,575,1287,-474,583,1288,-475,546,1284,-471,540,1283,-471,534,1282,-471,592,1275,-281,525,1271,-262,575,1253,-440,546,1249,-435,644,1186,-288,484,1186,-235,651,1326,-481,452,1341,-408,646,1485,-585,446,1503,-483,650,1514,-666,442,1530,-557,634,1520,-663,461,1535,-560,626,1511,-598,468,1528,-499,610,854,-25,488,856,24,631,590,28,467,605,99,641,366,304,453,375,402,623,341,315,469,351,415,673,289,42,420,295,173,
557,1273,-504,567,1288,-465,574,1289,-465,582,1289,-465,546,1285,-462,539,1284,-462,534,1283,-462,591,1276,-271,524,1271,-253,574,1256,-431,545,1252,-426,643,1186,-279,484,1187,-225,651,1328,-469,452,1341,-395,645,1487,-574,446,1503,-472,650,1515,-659,442,1530,-548,633,1520,-656,460,1535,-549,626,1511,-587,468,1529,-488,610,854,-25,488,856,25,631,590,26,467,605,99,641,366,301,453,375,400,623,341,312,470,351,413,673,289,39,419,294,172,
557,1277,-502,567,1291,-462,574,1291,-462,582,1291,-462,546,1288,-460,540,1287,-460,534,1286,-460,591,1277,-266,524,1273,-252,574,1261,-429,546,1258,-426,643,1186,-274,483,1188,-225,651,1329,-467,451,1341,-397,645,1488,-571,445,1503,-476,650,1515,-657,441,1530,-552,633,1520,-653,460,1535,-555,625,1512,-583,468,1529,-493,610,854,-25,488,856,24,631,590,29,468,604,98,641,366,306,453,375,401,622,341,316,470,351,414,673,289,41,419,294,172,
557,1282,-499,567,1294,-458,574,1294,-458,582,1294,-458,546,1292,-456,540,1291,-456,534,1289,-456,591,1279,-260,524,1276,-246,574,1266,-425,546,1263,-422,643,1187,-271,482,1191,-220,650,1332,-458,451,1342,-390,644,1490,-559,445,1504,-472,650,1516,-642,441,1530,-548,633,1520,-638,460,1535,-554,624,1513,-571,468,1529,-490,610,854,-25,488,856,24,631,590,30,468,604,98,641,366,309,453,375,404,622,341,319,470,351,418,673,289,42,419,294,173,
557,1286,-489,567,1297,-448,574,1297,-447,582,1296,-448,546,1295,-446,540,1293,-446,534,1292,-446,591,1280,-246,524,1278,-234,574,1269,-415,546,1267,-412,643,1188,-258,481,1192,-210,650,1335,-443,450,1342,-383,643,1492,-542,445,1504,-467,650,1517,-624,441,1532,-545,632,1521,-621,460,1536,-551,623,1514,-555,467,1530,-485,609,854,-25,488,856,24,631,590,32,468,604,97,641,366,316,454,374,405,622,341,327,470,350,418,673,289,46,419,294,172,
557,1285,-490,567,1297,-448,574,1296,-448,582,1296,-448,546,1294,-447,540,1293,-447,534,1292,-447,591,1280,-246,524,1278,-236,573,1268,-415,546,1266,-412,643,1188,-257,481,1193,-209,649,1335,-440,450,1343,-381,643,1492,-542,445,1505,-464,650,1518,-624,440,1534,-542,632,1521,-621,458,1537,-547,623,1514,-555,466,1530,-482,609,854,-24,488,856,24,631,590,33,468,604,95,641,366,317,454,374,405,622,341,328,470,350,418,673,289,50,419,294,172,
557,1284,-481,567,1296,-440,574,1296,-440,582,1296,-440,546,1294,-439,540,1293,-439,534,1292,-439,591,1280,-237,524,1278,-230,573,1268,-405,546,1266,-404,642,1188,-246,481,1193,-201,649,1335,-425,450,1343,-373,642,1492,-523,444,1505,-453,649,1518,-604,439,1535,-529,632,1521,-601,457,1538,-532,623,1514,-536,465,1531,-470,609,854,-24,488,856,23,631,590,32,469,604,92,641,367,313,454,374,400,622,341,325,471,350,414,674,290,50,419,294,169,
557,1284,-460,567,1296,-420,574,1296,-419,582,1296,-420,546,1294,-419,540,1293,-419,534,1292,-419,590,1281,-218,524,1278,-213,573,1267,-385,545,1265,-384,642,1188,-227,481,1193,-185,649,1336,-405,450,1344,-357,642,1494,-499,443,1507,-433,649,1519,-579,439,1538,-509,632,1523,-574,457,1541,-510,623,1515,-511,464,1533,-450,609,854,-24,488,856,23,631,591,31,469,604,89,642,367,312,455,374,399,622,341,324,471,350,412,674,290,50,419,294,168,
557,1284,-463,567,1296,-422,574,1296,-422,582,1296,-422,546,1294,-421,540,1293,-421,534,1292,-421,590,1281,-222,524,1278,-215,573,1267,-388,545,1265,-386,642,1189,-231,481,1193,-185,649,1338,-410,450,1345,-356,642,1495,-501,443,1508,-431,649,1520,-581,439,1539,-506,632,1523,-576,457,1541,-507,623,1516,-514,464,1534,-448,609,854,-24,488,856,24,632,591,30,470,604,89,642,367,312,455,374,399,622,341,323,472,350,412,674,290,50,418,293,169,
557,1283,-496,567,1296,-455,574,1296,-455,582,1296,-455,546,1294,-455,540,1292,-455,534,1291,-455,590,1281,-251,524,1278,-246,573,1267,-419,545,1265,-418,641,1189,-253,480,1193,-213,648,1339,-429,450,1346,-385,643,1496,-518,443,1508,-458,650,1521,-597,439,1539,-533,633,1524,-593,457,1542,-534,624,1517,-531,464,1535,-474,609,854,-24,488,856,24,632,591,35,470,604,93,642,367,326,455,374,410,622,341,339,472,350,425,674,291,68,418,293,179,
557,1283,-507,567,1296,-467,574,1296,-467,582,1296,-467,546,1294,-467,540,1292,-467,534,1291,-467,590,1281,-262,524,1278,-258,573,1267,-430,545,1265,-430,641,1189,-262,480,1193,-223,648,1340,-434,449,1346,-397,642,1496,-519,443,1509,-468,650,1521,-598,439,1540,-543,633,1525,-593,457,1542,-543,624,1518,-531,464,1535,-484,609,854,-24,488,856,23,632,591,38,470,604,95,643,367,334,455,375,417,622,341,348,472,350,432,674,292,78,418,292,186,
557,1283,-543,567,1296,-502,574,1296,-502,582,1296,-502,546,1293,-503,540,1292,-503,534,1291,-502,590,1281,-294,524,1278,-292,573,1266,-464,545,1264,-464,641,1189,-288,480,1193,-259,648,1340,-466,449,1346,-442,642,1496,-560,443,1509,-514,650,1521,-641,439,1540,-590,634,1525,-637,457,1542,-590,624,1518,-573,464,1535,-529,609,854,-22,488,855,22,633,592,44,470,604,96,643,367,345,455,375,422,622,341,359,473,351,437,674,293,87,418,292,188,
557,1281,-558,567,1295,-518,575,1295,-517,582,1295,-518,546,1293,-518,540,1292,-518,534,1291,-518,590,1281,-308,524,1278,-307,573,1264,-479,545,1263,-479,641,1189,-300,480,1193,-274,648,1340,-484,449,1346,-460,642,1496,-584,442,1509,-533,650,1521,-665,439,1540,-609,634,1525,-661,457,1543,-609,624,1518,-597,463,1535,-548,609,854,-21,488,855,21,633,592,49,470,604,97,643,368,354,455,375,424,622,341,368,473,351,440,674,294,96,418,292,189,
557,1281,-561,567,1295,-521,575,1295,-521,582,1295,-521,546,1293,-522,540,1292,-521,534,1291,-521,590,1281,-311,524,1278,-311,574,1264,-482,545,1262,-483,641,1189,-305,480,1193,-277,648,1340,-490,449,1347,-463,642,1496,-589,442,1510,-537,650,1521,-671,439,1540,-613,634,1525,-667,457,1543,-613,625,1518,-602,463,1536,-552,609,854,-21,488,855,20,633,592,49,471,604,98,643,368,352,455,375,425,622,341,366,473,351,440,674,294,94,418,292,190,
557,1280,-557,567,1295,-517,575,1295,-517,582,1295,-517,546,1293,-517,540,1291,-517,534,1290,-517,590,1280,-309,524,1278,-307,574,1263,-479,545,1261,-479,640,1189,-304,480,1193,-271,648,1340,-488,449,1347,-454,642,1496,-589,442,1510,-530,650,1521,-671,439,1540,-605,634,1525,-666,457,1543,-606,625,1517,-602,463,1536,-545,609,854,-20,488,855,20,633,592,48,471,604,98,643,368,350,455,375,424,622,341,363,473,351,439,675,295,91,418,292,189,
557,1280,-562,567,1295,-521,575,1295,-521,582,1295,-521,546,1293,-521,540,1291,-521,534,1290,-521,590,1280,-312,524,1277,-310,573,1263,-483,545,1261,-483,640,1189,-303,479,1193,-277,648,1340,-486,449,1347,-460,642,1496,-585,442,1510,-535,650,1521,-666,439,1540,-611,634,1525,-662,457,1543,-611,625,1517,-598,463,1536,-550,609,855,-20,488,855,19,633,592,48,471,604,96,643,368,349,455,375,424,622,342,363,473,351,439,675,295,91,418,292,188,
557,1279,-542,567,1294,-501,574,1295,-501,582,1295,-501,546,1292,-502,539,1291,-502,533,1290,-502,590,1280,-295,523,1277,-295,573,1262,-464,545,1260,-464,639,1189,-288,479,1193,-263,648,1339,-472,448,1347,-438,642,1495,-580,442,1511,-510,650,1521,-662,439,1540,-584,634,1524,-659,457,1544,-583,625,1517,-594,463,1537,-524,609,855,-19,488,856,19,633,592,44,471,604,89,643,368,332,454,375,401,621,342,345,472,351,415,675,294,74,418,293,166,
557,1278,-543,567,1294,-503,574,1294,-503,582,1294,-503,546,1292,-503,539,1291,-503,533,1290,-503,590,1280,-299,523,1277,-297,573,1261,-466,545,1259,-465,639,1189,-294,479,1193,-263,648,1339,-480,448,1347,-438,642,1495,-585,442,1511,-511,650,1521,-667,439,1540,-585,634,1525,-663,457,1544,-585,625,1517,-598,463,1537,-526,609,856,-19,488,856,19,633,592,40,471,604,88,643,368,326,454,375,399,621,342,339,471,351,413,675,294,70,417,294,165,
557,1278,-540,567,1294,-500,574,1294,-500,582,1294,-500,546,1292,-501,539,1291,-501,533,1290,-501,590,1280,-297,523,1277,-296,573,1261,-463,544,1259,-463,638,1189,-290,479,1193,-262,648,1339,-475,448,1348,-437,642,1495,-580,442,1512,-508,650,1521,-662,439,1541,-582,634,1525,-658,457,1544,-581,625,1517,-594,463,1537,-523,609,856,-19,488,857,19,633,592,40,470,604,87,643,368,325,453,375,396,621,342,338,471,352,410,675,294,68,417,295,162,
557,1278,-544,567,1294,-505,574,1294,-505,582,1294,-505,546,1292,-505,539,1291,-505,533,1290,-505,590,1280,-302,523,1277,-299,573,1261,-468,544,1259,-467,638,1189,-297,478,1193,-265,648,1339,-482,448,1348,-440,642,1495,-584,442,1513,-511,650,1521,-666,439,1542,-585,633,1525,-661,457,1545,-585,624,1518,-597,463,1538,-526,609,856,-19,488,857,19,633,593,37,470,604,87,643,368,322,453,375,396,621,342,334,471,352,410,675,294,63,417,295,163,
556,1278,-543,567,1294,-504,574,1294,-504,582,1294,-504,545,1292,-504,539,1291,-504,533,1290,-504,590,1280,-301,523,1277,-296,573,1261,-467,544,1260,-466,638,1189,-295,478,1194,-259,648,1340,-480,448,1349,-428,642,1496,-584,442,1514,-501,649,1522,-665,439,1544,-577,633,1526,-661,457,1547,-577,624,1518,-596,463,1540,-517,609,857,-21,488,858,20,633,593,35,470,604,88,642,368,319,453,375,397,621,343,331,471,352,410,675,293,58,416,295,163,
556,1279,-568,566,1294,-530,574,1295,-530,582,1295,-530,545,1292,-528,539,1291,-528,533,1290,-528,590,1281,-330,523,1278,-317,573,1262,-493,544,1260,-489,638,1190,-327,478,1195,-281,648,1342,-517,447,1351,-454,642,1498,-614,441,1518,-528,649,1525,-696,439,1546,-604,633,1528,-690,456,1549,-606,624,1520,-627,463,1542,-544,609,858,-22,488,859,21,632,594,34,470,604,93,642,368,320,453,375,404,621,343,332,471,352,418,675,293,58,416,295,171,
556,1282,-593,566,1296,-553,574,1296,-553,582,1296,-553,546,1294,-552,540,1293,-552,534,1292,-552,590,1282,-348,524,1279,-337,573,1265,-516,544,1263,-514,640,1192,-343,478,1196,-308,649,1344,-541,443,1351,-493,642,1501,-642,439,1518,-570,649,1527,-724,438,1546,-648,633,1530,-719,456,1549,-648,624,1522,-655,462,1542,-585,608,859,-21,487,860,21,632,594,42,469,604,93,643,368,348,453,375,417,621,343,361,470,351,432,675,293,78,416,295,176,
556,1282,-594,567,1296,-554,574,1296,-554,582,1296,-554,546,1294,-552,540,1292,-552,534,1291,-552,591,1282,-349,525,1279,-334,573,1265,-517,544,1262,-513,643,1192,-343,480,1196,-299,649,1344,-543,431,1348,-480,643,1501,-651,439,1514,-557,650,1528,-736,438,1538,-636,633,1530,-731,458,1541,-634,624,1522,-664,464,1535,-572,608,859,-21,487,860,21,632,594,44,469,604,96,643,369,350,453,376,420,622,344,363,470,351,435,675,293,81,416,296,179,
555,1280,-592,566,1296,-550,573,1296,-550,581,1296,-550,546,1293,-540,540,1291,-539,534,1290,-539,591,1282,-341,526,1278,-292,572,1264,-511,544,1260,-498,645,1192,-334,482,1193,-222,651,1344,-534,418,1336,-357,645,1500,-645,438,1497,-467,651,1528,-733,437,1521,-551,635,1530,-731,458,1525,-548,626,1522,-659,464,1518,-483,608,858,-25,487,859,25,632,595,44,470,604,109,643,369,347,453,376,429,622,344,361,470,352,444,675,293,77,416,296,186,
554,1280,-525,565,1296,-482,572,1296,-482,580,1297,-482,545,1293,-469,539,1291,-469,533,1290,-469,591,1282,-275,526,1278,-216,571,1264,-449,544,1260,-432,647,1191,-277,483,1190,-135,655,1343,-482,405,1321,-259,648,1500,-592,435,1476,-376,653,1528,-683,435,1502,-463,640,1530,-686,457,1502,-450,632,1522,-608,463,1493,-388,608,857,-29,487,859,28,633,595,44,470,604,111,643,369,346,453,376,428,623,344,359,470,352,442,675,292,70,416,296,185,
554,1278,-501,564,1296,-461,571,1296,-461,579,1296,-461,544,1292,-448,539,1291,-448,533,1289,-448,591,1282,-262,526,1278,-203,571,1262,-429,544,1258,-411,648,1191,-263,484,1186,-120,660,1343,-455,388,1303,-237,654,1500,-545,426,1455,-336,656,1528,-629,427,1481,-419,644,1530,-631,448,1480,-398,638,1522,-559,451,1471,-345,608,856,-31,487,858,31,633,595,36,470,604,110,644,368,323,453,376,417,624,342,334,470,352,431,676,290,48,416,295,179,
554,1278,-463,564,1296,-421,572,1296,-421,579,1296,-421,545,1292,-409,539,1290,-409,533,1289,-409,591,1282,-219,528,1278,-163,571,1262,-390,545,1258,-374,650,1189,-203,485,1179,-62,666,1343,-346,371,1281,-163,665,1500,-408,418,1428,-251,663,1528,-484,422,1452,-334,654,1531,-489,441,1450,-300,650,1522,-424,442,1442,-255,609,854,-33,487,857,33,633,595,23,470,604,108,644,367,306,454,376,403,624,342,317,470,353,417,676,289,29,416,292,165,
556,1278,-187,565,1296,-142,572,1296,-142,580,1297,-142,546,1292,-126,541,1290,-126,535,1289,-126,592,1282,45,530,1278,119,573,1262,-123,547,1258,-102,651,1189,41,487,1176,212,669,1344,-46,356,1245,136,666,1500,-23,406,1394,61,664,1530,-77,410,1417,-15,656,1531,-82,426,1415,34,653,1522,-36,427,1407,64,609,854,-33,487,857,33,633,595,-15,470,605,46,644,367,238,454,376,302,624,342,249,470,353,314,678,290,-22,416,290,67,
557,1275,-158,567,1295,-120,574,1296,-120,581,1296,-120,547,1291,-103,541,1290,-103,536,1289,-102,594,1282,48,531,1277,127,574,1259,-100,548,1256,-77,653,1188,39,488,1169,223,671,1343,-52,351,1201,151,668,1498,-52,385,1348,46,667,1530,-108,391,1376,-27,662,1531,-116,404,1376,14,659,1522,-66,406,1367,47,609,853,-36,487,857,36,633,594,-42,470,605,41,644,367,186,455,377,278,624,342,196,470,354,290,675,290,-64,416,291,60,
557,1275,-137,567,1295,-97,574,1296,-97,582,1296,-97,547,1292,-82,541,1290,-82,535,1289,-82,594,1282,71,531,1278,140,574,1259,-79,547,1256,-59,653,1188,70,487,1165,236,674,1342,2,343,1159,124,670,1496,23,370,1302,-54,670,1530,-28,376,1336,-131,665,1531,-34,390,1336,-91,662,1521,9,393,1327,-53,609,853,-36,487,857,36,633,593,-50,470,604,27,644,367,166,455,376,248,624,342,174,471,354,258,675,290,-82,416,292,33,
558,1275,-134,568,1295,-90,575,1295,-90,582,1296,-90,548,1291,-81,542,1290,-81,536,1289,-81,595,1282,103,531,1277,142,574,1259,-67,547,1256,-56,654,1188,114,487,1160,220,676,1341,23,341,1128,-24,672,1494,27,358,1265,-392,672,1530,-28,359,1299,-487,668,1531,-29,377,1303,-442,665,1520,15,382,1292,-391,609,853,-25,487,857,25,633,591,-62,468,604,-4,640,366,130,454,375,196,621,341,134,471,352,204,675,290,-126,416,291,-28,
558,1275,-122,568,1295,-78,575,1295,-78,583,1296,-78,548,1291,-68,542,1290,-68,536,1289,-68,596,1282,112,531,1277,155,574,1259,-56,547,1256,-44,655,1188,122,487,1157,238,676,1341,35,346,1096,-9,673,1494,57,347,1242,-358,674,1530,5,346,1272,-447,670,1531,9,364,1282,-406,668,1520,47,369,1270,-358,609,853,-21,488,858,21,633,591,-65,466,604,-6,639,366,136,454,375,209,620,340,141,470,352,220,676,290,-117,417,292,-12,
558,1279,-121,568,1297,-74,576,1297,-74,583,1297,-74,548,1293,-68,542,1292,-68,536,1290,-67,596,1283,124,531,1277,150,574,1261,-52,547,1258,-44,656,1190,136,487,1156,229,677,1341,45,350,1083,-33,675,1494,58,340,1224,-424,678,1531,5,338,1252,-517,673,1531,9,353,1261,-480,670,1521,47,359,1252,-426,609,854,-15,488,860,15,633,591,-53,465,605,-12,638,366,164,452,373,210,618,340,172,469,350,221,676,291,-88,417,291,-16,
557,1280,-146,568,1298,-100,576,1298,-100,583,1298,-100,548,1294,-97,541,1292,-97,534,1291,-97,596,1284,101,529,1278,113,573,1262,-76,545,1259,-72,656,1191,126,484,1153,183,679,1341,41,352,1066,-90,677,1494,39,336,1206,-541,680,1531,-11,334,1237,-634,675,1532,-4,347,1246,-605,672,1522,29,352,1238,-544,609,855,-5,487,861,5,633,592,-50,464,605,-26,638,366,159,450,372,184,618,341,165,466,350,194,676,293,-89,417,290,-43,
557,1281,-166,568,1299,-121,576,1299,-121,583,1299,-121,547,1295,-119,540,1293,-119,533,1291,-119,596,1284,80,528,1278,87,573,1262,-95,545,1259,-93,656,1192,106,484,1152,156,680,1342,16,354,1059,-142,678,1495,8,333,1195,-600,681,1533,-42,329,1229,-690,675,1534,-35,341,1238,-668,672,1524,0,347,1230,-606,609,855,-1,487,861,0,633,592,-46,463,605,-30,637,366,156,448,372,179,617,341,162,463,350,189,676,294,-87,417,290,-45,
557,1282,-165,568,1300,-120,576,1300,-120,584,1300,-120,547,1297,-118,540,1294,-118,533,1293,-118,596,1285,77,527,1278,86,573,1263,-96,544,1260,-93,656,1193,96,482,1151,158,680,1342,9,352,1059,-130,678,1495,4,328,1197,-543,681,1533,-46,324,1229,-631,675,1534,-39,337,1238,-608,672,1524,-4,342,1231,-549,609,855,-2,487,861,2,633,593,-52,463,605,-25,637,366,146,446,373,191,616,341,151,461,351,202,676,295,-96,417,292,-29,
558,1283,-151,569,1301,-105,576,1301,-105,584,1301,-105,548,1297,-102,540,1295,-102,533,1293,-102,596,1285,89,527,1278,102,573,1264,-83,544,1261,-79,656,1193,98,481,1150,183,680,1342,13,351,1065,-76,678,1495,13,324,1202,-480,681,1533,-38,320,1233,-567,675,1534,-33,333,1242,-540,671,1524,3,339,1235,-484,609,856,-3,487,862,3,633,594,-59,463,605,-22,637,367,139,445,374,199,615,341,144,460,353,210,677,295,-101,417,295,-19,
558,1283,-154,568,1301,-110,576,1301,-110,583,1301,-110,548,1297,-104,540,1295,-104,533,1293,-104,595,1285,82,527,1278,102,572,1264,-88,544,1261,-81,655,1194,90,480,1151,189,680,1343,11,347,1076,-55,678,1497,14,323,1213,-465,681,1533,-38,319,1245,-553,675,1534,-35,332,1253,-531,672,1524,4,338,1244,-471,609,858,-4,487,864,4,633,595,-67,463,606,-21,637,367,128,444,376,197,615,341,134,459,354,209,677,295,-114,417,298,-20,
558,1283,-167,568,1301,-121,576,1301,-121,583,1301,-121,548,1297,-117,540,1295,-117,533,1293,-116,595,1285,78,527,1279,96,572,1264,-97,544,1261,-91,655,1194,84,479,1151,174,680,1343,-7,338,1088,-64,678,1497,-9,324,1227,-452,680,1534,-64,319,1259,-539,675,1535,-62,335,1266,-523,672,1524,-21,341,1257,-458,609,858,-4,487,864,4,633,595,-70,463,607,-18,637,367,118,444,377,195,615,341,123,458,355,205,677,295,-128,417,300,-24,
557,1283,-166,567,1301,-122,575,1301,-122,582,1301,-122,548,1297,-114,540,1295,-114,534,1293,-114,594,1285,70,528,1279,101,571,1264,-100,544,1261,-91,655,1194,79,479,1152,192,679,1343,14,329,1100,-18,678,1497,33,325,1243,-336,680,1534,-17,322,1274,-418,675,1535,-18,338,1280,-381,672,1524,21,344,1269,-336,609,859,-7,488,864,7,633,595,-70,463,607,-16,637,367,127,443,378,202,615,341,132,458,357,212,678,295,-123,416,300,-18,
556,1281,-172,566,1300,-127,574,1300,-127,581,1300,-127,547,1296,-120,540,1295,-120,533,1293,-120,593,1285,66,527,1279,94,570,1263,-104,544,1260,-97,655,1194,75,477,1152,183,679,1343,10,324,1133,-13,678,1497,23,327,1277,-293,680,1534,-26,324,1312,-375,675,1535,-31,340,1315,-335,672,1524,10,346,1305,-293,609,858,-9,488,864,9,634,595,-67,462,607,-14,637,367,134,443,378,206,615,342,140,459,357,216,678,295,-117,416,300,-15,
556,1276,-253,566,1296,-213,574,1296,-213,581,1296,-213,547,1293,-204,540,1292,-204,533,1290,-203,593,1283,-23,527,1278,17,570,1259,-186,544,1257,-174,655,1194,1,477,1153,120,679,1343,-68,325,1172,-27,678,1497,-87,329,1324,-251,680,1534,-146,325,1353,-334,675,1535,-156,342,1356,-300,672,1525,-104,347,1347,-254,610,857,-13,488,862,12,634,595,-41,462,607,15,637,367,180,444,378,253,615,342,187,461,357,264,678,295,-81,416,300,23,
553,1272,-360,563,1293,-319,571,1293,-319,579,1294,-319,544,1290,-307,538,1289,-307,531,1287,-307,592,1282,-126,527,1277,-69,568,1255,-291,542,1254,-274,652,1192,-105,477,1155,42,676,1343,-220,327,1204,-52,677,1497,-284,333,1365,-228,679,1534,-357,332,1394,-312,673,1535,-366,352,1395,-278,669,1525,-301,357,1386,-231,611,855,-23,488,861,23,634,594,-27,463,607,51,637,367,217,446,378,306,615,342,225,463,357,316,677,295,-54,416,300,70,
552,1272,-439,563,1293,-398,570,1293,-398,578,1294,-398,544,1290,-387,537,1289,-387,531,1287,-387,592,1282,-205,527,1277,-155,567,1255,-371,542,1254,-356,650,1191,-194,477,1158,-56,674,1343,-333,329,1240,-168,674,1498,-398,348,1403,-282,678,1534,-474,350,1430,-366,670,1536,-480,372,1430,-332,666,1526,-414,376,1422,-284,612,855,-27,488,860,27,634,594,-12,464,607,73,638,367,246,447,379,337,616,342,254,464,357,347,677,295,-24,415,300,104,
551,1272,-500,562,1293,-460,569,1294,-460,577,1294,-460,543,1290,-448,536,1289,-448,530,1288,-448,591,1282,-265,527,1277,-210,567,1256,-430,541,1254,-414,650,1191,-262,477,1163,-104,672,1343,-429,342,1272,-199,671,1499,-517,366,1430,-299,675,1535,-599,368,1456,-382,666,1536,-605,386,1459,-351,662,1526,-533,389,1450,-302,613,855,-32,489,860,32,635,595,5,465,607,98,638,369,278,449,380,375,617,343,289,465,358,386,676,296,6,416,300,138,
549,1274,-630,560,1293,-592,568,1294,-591,576,1294,-592,541,1290,-582,535,1289,-582,529,1288,-581,590,1282,-390,526,1278,-341,565,1257,-556,540,1255,-543,650,1191,-376,477,1168,-245,667,1343,-565,359,1297,-381,669,1500,-668,382,1452,-495,673,1535,-755,383,1477,-582,662,1536,-759,402,1480,-560,656,1526,-684,405,1471,-504,613,855,-31,489,860,31,635,594,36,466,607,118,638,369,327,451,380,414,618,344,338,466,357,426,676,296,42,417,300,171,
548,1274,-733,559,1293,-695,567,1294,-695,576,1294,-695,539,1290,-686,533,1289,-686,526,1288,-686,590,1283,-490,524,1278,-443,565,1257,-656,538,1256,-642,649,1192,-468,477,1174,-355,661,1344,-670,378,1311,-516,664,1504,-782,401,1474,-643,670,1536,-870,401,1500,-730,658,1537,-875,420,1502,-716,650,1529,-797,423,1493,-654,613,855,-31,489,860,30,635,594,58,467,607,128,639,370,371,451,380,449,618,345,384,466,357,464,676,296,86,418,300,203,
548,1282,-654,559,1298,-612,567,1298,-612,576,1298,-612,539,1295,-605,533,1293,-605,526,1292,-605,589,1285,-399,524,1281,-363,565,1265,-576,538,1262,-566,649,1194,-384,477,1187,-311,657,1347,-583,396,1332,-486,661,1506,-690,415,1493,-595,668,1536,-777,417,1517,-684,652,1538,-777,438,1521,-674,644,1530,-704,444,1514,-607,613,856,-30,489,860,29,635,594,70,467,607,127,639,370,403,452,380,472,619,345,417,467,357,488,675,296,112,418,300,220,
548,1288,-751,560,1301,-709,567,1302,-709,576,1302,-709,539,1298,-704,533,1296,-704,527,1295,-704,589,1288,-488,524,1283,-460,565,1270,-668,538,1266,-660,648,1198,-466,477,1195,-407,655,1348,-681,414,1343,-594,660,1509,-801,424,1510,-705,666,1538,-891,426,1534,-792,650,1540,-887,448,1537,-792,640,1533,-815,453,1532,-721,613,856,-29,489,861,29,635,594,63,467,607,128,639,371,413,453,381,497,619,346,429,468,358,515,675,297,121,418,300,240,
548,1289,-649,560,1302,-608,567,1303,-608,576,1303,-608,539,1299,-604,533,1297,-604,527,1296,-604,588,1289,-399,523,1283,-379,565,1270,-571,538,1267,-566,645,1198,-391,476,1195,-345,652,1348,-592,431,1347,-527,657,1509,-705,437,1513,-613,664,1537,-790,437,1536,-695,647,1539,-787,458,1541,-693,637,1533,-719,465,1537,-628,613,856,-27,489,861,27,635,595,62,467,607,119,640,372,394,454,381,473,620,347,409,470,358,490,675,299,117,418,301,228,
548,1291,-596,559,1304,-555,567,1305,-555,575,1305,-555,539,1301,-550,532,1300,-550,526,1299,-550,587,1290,-350,520,1286,-324,565,1272,-520,537,1269,-513,644,1198,-346,474,1197,-290,648,1348,-547,442,1354,-464,654,1508,-657,446,1518,-563,663,1537,-743,446,1541,-647,645,1540,-739,467,1546,-638,634,1533,-671,474,1542,-575,613,857,-26,489,861,26,635,595,62,468,607,116,641,373,390,454,381,468,620,348,406,470,358,485,675,299,120,417,301,227,
548,1294,-555,559,1306,-515,567,1306,-514,575,1306,-515,539,1304,-513,532,1302,-513,526,1301,-513,587,1291,-321,520,1288,-319,566,1274,-483,537,1272,-480,642,1199,-331,474,1198,-253,648,1348,-508,447,1356,-422,653,1508,-605,451,1516,-501,661,1537,-686,451,1542,-575,643,1540,-684,471,1548,-580,633,1533,-618,477,1542,-518,613,858,-26,489,861,25,635,597,56,468,609,111,641,376,369,455,383,445,620,351,384,471,360,461,675,300,102,416,302,205,
550,1295,-607,561,1307,-569,568,1307,-569,576,1307,-569,541,1305,-566,535,1303,-566,529,1302,-566,587,1292,-371,520,1288,-353,567,1275,-533,540,1273,-528,641,1201,-373,474,1199,-319,647,1349,-574,458,1356,-496,651,1509,-682,456,1516,-563,661,1537,-764,455,1538,-637,642,1540,-760,475,1546,-640,631,1533,-695,481,1541,-579,613,858,-26,489,862,25,635,597,52,468,609,110,641,377,365,456,383,443,619,352,380,472,361,459,675,301,98,415,302,205,
554,1295,-626,563,1307,-585,571,1307,-585,578,1307,-585,545,1305,-585,539,1304,-585,534,1302,-585,587,1293,-376,522,1289,-373,570,1275,-547,544,1274,-546,641,1201,-366,474,1201,-344,648,1349,-559,466,1356,-529,652,1509,-669,461,1516,-598,661,1537,-751,460,1538,-675,643,1540,-748,479,1546,-676,632,1533,-683,485,1540,-613,613,859,-21,489,862,20,635,598,56,468,609,108,641,378,381,456,383,445,619,353,397,472,361,461,675,302,118,415,302,207,
556,1295,-667,565,1307,-627,572,1307,-627,580,1307,-627,546,1305,-628,541,1304,-628,536,1303,-628,588,1293,-418,523,1289,-416,571,1276,-588,545,1274,-587,641,1202,-401,474,1203,-388,649,1349,-595,468,1361,-579,653,1509,-698,464,1519,-643,662,1538,-779,463,1541,-721,644,1540,-775,482,1547,-720,632,1533,-712,488,1542,-658,613,860,-18,489,863,18,634,598,58,468,609,107,640,379,387,456,383,451,619,354,404,472,362,469,674,302,129,415,302,217,
557,1295,-631,566,1308,-591,573,1308,-591,580,1307,-591,547,1305,-590,542,1304,-590,537,1303,-590,588,1293,-385,524,1290,-378,572,1276,-554,546,1275,-551,641,1202,-372,475,1205,-350,654,1349,-563,467,1364,-530,658,1510,-674,465,1521,-603,666,1539,-764,464,1545,-682,649,1541,-769,482,1551,-678,637,1534,-690,489,1545,-617,613,861,-16,489,864,15,634,598,63,468,609,107,640,379,382,455,383,449,619,354,397,471,362,465,674,302,127,416,302,209,
558,1295,-623,566,1308,-583,573,1308,-583,581,1308,-583,548,1306,-583,543,1304,-583,538,1303,-583,588,1293,-379,525,1290,-375,572,1276,-546,547,1275,-545,641,1202,-363,476,1206,-354,663,1349,-548,464,1366,-535,667,1511,-658,464,1522,-600,673,1541,-756,463,1545,-676,657,1543,-766,482,1551,-674,646,1535,-675,488,1546,-614,612,862,-13,489,865,12,634,599,68,468,609,104,641,380,381,453,383,446,619,355,396,469,362,463,674,302,127,416,302,207,
558,1293,-640,567,1307,-600,573,1307,-600,581,1307,-600,548,1306,-601,543,1304,-601,538,1303,-601,588,1293,-396,525,1290,-397,572,1275,-564,547,1274,-564,642,1201,-369,478,1205,-382,677,1344,-542,462,1360,-569,681,1509,-645,462,1518,-632,686,1541,-731,460,1543,-706,669,1543,-734,480,1550,-703,660,1535,-660,487,1543,-645,612,863,-8,488,865,8,634,599,69,468,609,97,641,380,379,451,382,424,618,355,394,466,362,440,674,303,128,416,302,191,
557,1291,-731,565,1307,-692,572,1307,-692,580,1306,-692,548,1305,-692,542,1304,-692,537,1303,-692,587,1292,-490,525,1290,-485,571,1273,-655,546,1272,-654,641,1198,-453,478,1205,-470,696,1337,-632,459,1357,-667,694,1505,-745,461,1516,-734,700,1539,-823,458,1541,-808,681,1541,-822,478,1549,-805,674,1532,-759,485,1542,-747,612,863,-5,489,865,5,634,599,67,468,609,97,640,381,377,451,382,420,618,355,392,465,362,436,675,304,125,417,302,185,
556,1290,-728,565,1306,-689,571,1306,-689,579,1306,-689,547,1304,-688,541,1303,-688,536,1302,-688,586,1292,-489,524,1289,-482,570,1272,-653,546,1271,-652,640,1196,-446,477,1204,-468,718,1328,-620,458,1357,-667,707,1494,-739,460,1519,-739,714,1531,-815,457,1545,-814,696,1531,-814,478,1552,-808,689,1520,-753,485,1545,-751,611,864,0,489,866,0,633,600,65,468,610,81,640,381,359,450,382,380,618,355,373,463,362,392,675,306,106,418,304,138,
554,1290,-599,563,1306,-555,570,1306,-554,578,1306,-555,545,1304,-553,540,1303,-553,535,1302,-553,585,1291,-351,523,1289,-340,568,1271,-527,544,1270,-524,639,1193,-307,476,1204,-336,739,1312,-453,456,1357,-515,726,1471,-573,459,1518,-583,731,1510,-648,457,1546,-662,710,1513,-651,477,1552,-647,705,1500,-589,483,1545,-593,611,864,3,489,866,-3,633,600,67,468,610,71,640,381,356,449,382,359,618,355,369,461,362,370,675,306,101,418,306,115,
548,1290,-542,559,1306,-497,566,1306,-497,574,1306,-497,539,1305,-491,534,1304,-491,528,1303,-491,584,1291,-296,520,1289,-263,565,1271,-472,538,1271,-463,639,1190,-254,473,1204,-252,757,1294,-415,450,1356,-424,738,1450,-533,458,1518,-506,742,1485,-611,456,1547,-592,723,1491,-610,476,1553,-573,719,1478,-548,483,1545,-516,612,864,2,489,866,-2,633,600,66,468,610,71,640,381,355,449,383,359,618,355,369,461,363,370,675,306,96,418,308,115,
539,1292,-309,552,1307,-257,560,1306,-256,568,1306,-257,531,1305,-246,526,1305,-246,520,1304,-245,582,1291,-42,517,1290,12,559,1272,-235,530,1272,-220,640,1185,3,471,1204,25,771,1260,-153,446,1355,-124,747,1415,-265,455,1517,-230,750,1448,-345,456,1546,-329,733,1454,-339,476,1552,-311,729,1443,-277,481,1544,-245,612,864,0,489,866,0,633,599,33,468,610,35,640,381,341,449,383,335,618,355,356,461,364,347,675,306,71,418,308,81,
538,1300,-246,550,1310,-187,558,1309,-187,565,1309,-187,530,1310,-182,525,1309,-182,519,1308,-182,578,1292,45,514,1291,71,557,1279,-168,530,1280,-160,640,1180,92,468,1204,69,783,1228,-55,441,1355,-101,756,1377,-180,451,1516,-196,758,1410,-257,455,1546,-291,741,1416,-250,476,1551,-271,735,1404,-192,479,1543,-209,612,864,0,489,866,0,634,599,32,467,609,15,640,381,343,449,383,328,618,355,358,461,363,340,675,306,73,418,307,67,
533,1295,-199,547,1308,-150,554,1307,-150,562,1306,-150,525,1307,-140,520,1305,-140,514,1304,-140,578,1291,63,512,1289,111,554,1273,-125,524,1274,-111,640,1174,133,468,1202,145,791,1197,-7,438,1354,18,770,1340,-132,446,1514,-80,770,1374,-205,454,1545,-172,754,1383,-193,472,1551,-148,748,1372,-141,473,1543,-93,613,862,-5,489,864,5,634,599,-11,467,608,-2,641,380,264,449,383,270,619,354,277,462,363,281,675,305,8,417,307,36,
531,1295,-150,545,1307,-100,553,1306,-100,560,1305,-100,524,1306,-92,518,1305,-91,513,1304,-91,577,1290,111,510,1289,154,551,1273,-77,522,1273,-65,640,1172,178,468,1200,193,797,1168,30,435,1354,77,782,1308,-115,441,1512,-20,780,1346,-188,450,1545,-109,764,1354,-173,466,1550,-86,759,1345,-122,465,1543,-33,613,862,-10,489,864,10,634,599,-22,467,608,-9,641,379,240,451,384,252,620,353,252,466,363,262,675,305,-12,417,307,29,
532,1295,-212,546,1307,-163,554,1306,-163,561,1305,-163,525,1306,-152,519,1305,-152,514,1304,-152,577,1289,54,511,1289,107,552,1272,-135,523,1273,-120,642,1170,140,468,1199,163,799,1136,-22,433,1353,50,790,1274,-213,438,1512,-63,788,1312,-291,448,1544,-151,771,1319,-279,463,1550,-135,768,1310,-222,463,1543,-78,613,862,-13,489,864,13,635,599,-27,467,609,-12,642,378,238,451,385,251,621,352,250,468,365,260,675,305,-27,416,307,16,
533,1295,-175,547,1307,-127,554,1306,-127,561,1305,-127,526,1306,-116,520,1305,-116,514,1304,-116,577,1289,86,511,1289,138,552,1272,-101,524,1273,-86,643,1167,168,468,1199,182,797,1115,-2,431,1353,57,798,1251,-214,438,1512,-48,798,1284,-294,447,1544,-133,784,1293,-283,462,1549,-114,780,1284,-224,462,1542,-61,614,862,-13,489,865,13,635,600,-26,467,610,-17,642,377,237,452,386,245,621,352,250,469,365,256,674,305,-21,416,308,15,
533,1295,-137,547,1307,-90,554,1306,-90,562,1305,-90,526,1306,-79,520,1305,-79,515,1304,-79,577,1288,111,511,1289,165,553,1272,-67,524,1273,-51,643,1164,186,469,1199,188,791,1097,16,429,1353,51,806,1232,-190,438,1510,-36,809,1262,-269,446,1543,-118,797,1274,-260,461,1547,-98,793,1265,-202,462,1539,-50,614,862,-10,489,865,11,635,600,-21,468,610,-25,642,377,228,453,387,223,621,352,240,469,366,234,674,304,-22,417,308,1,
534,1292,-109,547,1305,-65,554,1304,-65,562,1302,-65,526,1304,-53,520,1303,-53,515,1302,-52,578,1286,128,511,1288,187,553,1268,-41,524,1270,-24,643,1162,200,470,1197,208,786,1080,31,428,1352,72,814,1219,-171,436,1510,-11,816,1247,-248,444,1543,-91,806,1259,-237,459,1546,-69,802,1250,-182,460,1539,-25,614,862,-10,489,865,10,636,600,-20,468,610,-26,642,376,216,453,387,214,622,351,227,469,366,225,674,304,-30,417,308,-1,
534,1291,-90,547,1304,-46,555,1303,-46,562,1301,-46,526,1304,-34,521,1303,-34,515,1302,-33,579,1285,144,511,1288,203,553,1268,-23,525,1269,-6,643,1160,210,471,1197,216,784,1074,37,427,1351,74,817,1207,-171,434,1510,-12,821,1237,-248,441,1543,-92,811,1247,-242,456,1545,-71,807,1239,-184,457,1538,-26,614,863,-9,489,866,10,636,601,-21,469,611,-29,642,376,204,453,387,201,622,351,214,469,366,211,674,304,-37,417,309,-9,
535,1293,-77,548,1304,-30,556,1303,-30,564,1301,-31,528,1304,-20,522,1303,-20,516,1302,-19,580,1285,164,512,1288,214,554,1269,-10,525,1271,4,643,1159,222,471,1197,223,783,1071,55,426,1350,73,817,1201,-154,432,1510,-11,824,1231,-234,438,1543,-93,814,1242,-231,453,1545,-71,810,1234,-169,455,1538,-26,614,864,-8,489,867,9,636,603,-20,470,611,-32,642,376,202,453,387,191,622,352,212,469,366,201,674,304,-39,417,309,-19,
535,1293,-90,549,1304,-45,557,1303,-45,565,1301,-45,528,1304,-34,522,1303,-34,517,1303,-34,581,1285,147,512,1288,200,555,1269,-24,525,1271,-8,644,1159,209,471,1198,212,782,1072,34,425,1350,63,820,1198,-188,429,1510,-26,828,1228,-268,435,1543,-109,818,1240,-264,450,1545,-88,813,1232,-202,451,1537,-41,614,864,-8,489,868,8,636,603,-18,470,612,-29,642,377,202,454,388,193,622,352,212,470,366,202,673,304,-41,417,309,-18,
535,1293,-94,549,1304,-49,558,1303,-49,566,1301,-49,529,1304,-38,522,1303,-38,517,1303,-37,582,1285,143,513,1289,198,555,1269,-27,525,1271,-11,644,1159,208,471,1198,212,781,1075,38,425,1350,66,821,1204,-179,427,1510,-22,829,1234,-259,433,1543,-104,818,1245,-255,448,1545,-82,813,1237,-194,449,1537,-36,614,864,-7,489,868,8,636,604,-17,470,612,-29,642,377,205,454,388,198,622,352,215,470,366,208,673,304,-39,417,310,-13,
535,1294,-114,550,1305,-68,558,1303,-68,567,1302,-68,529,1305,-57,522,1304,-57,517,1303,-57,583,1286,132,513,1289,185,556,1271,-45,525,1273,-29,645,1160,206,471,1200,210,781,1078,58,424,1350,76,824,1211,-141,426,1510,-15,830,1241,-220,431,1543,-99,819,1253,-218,446,1545,-77,814,1244,-156,447,1537,-30,614,865,-7,489,868,8,636,604,-19,470,613,-28,642,377,213,454,389,208,622,352,223,471,367,218,673,304,-34,417,311,-7,
536,1294,-130,550,1305,-82,558,1304,-82,567,1302,-83,529,1305,-72,523,1304,-72,517,1303,-72,583,1286,128,513,1289,176,556,1271,-58,526,1273,-44,645,1160,213,471,1200,217,785,1088,69,424,1350,97,821,1222,-136,424,1510,-6,827,1252,-218,429,1543,-94,816,1263,-215,443,1545,-75,811,1255,-150,445,1537,-22,614,865,-7,489,869,8,636,605,-24,470,614,-29,642,377,219,454,389,219,622,353,232,472,367,231,673,304,-31,417,311,-5,
535,1293,-161,550,1304,-111,558,1303,-111,566,1302,-111,529,1304,-101,522,1303,-100,517,1302,-100,582,1286,126,513,1289,175,556,1270,-81,526,1272,-67,646,1160,196,471,1199,205,793,1090,49,424,1350,95,819,1226,-153,423,1510,-18,825,1257,-235,427,1543,-106,812,1268,-230,441,1545,-88,808,1260,-167,443,1537,-34,614,865,-8,489,869,9,636,605,-29,470,614,-29,642,378,227,454,389,235,622,353,241,472,368,247,673,304,-29,417,311,0,
535,1291,-187,549,1304,-139,557,1303,-139,565,1301,-139,528,1303,-127,522,1302,-127,517,1301,-127,582,1286,86,513,1288,145,555,1269,-108,525,1269,-92,646,1164,194,471,1199,196,800,1118,37,423,1350,95,818,1254,-146,422,1510,-19,818,1294,-223,427,1543,-106,803,1301,-212,441,1545,-87,800,1293,-156,443,1537,-33,614,865,-11,489,869,11,636,606,-33,470,615,-28,642,378,225,454,390,237,622,354,239,472,368,249,673,304,-32,417,311,1,
534,1287,-216,548,1302,-169,556,1302,-169,563,1301,-169,527,1301,-156,521,1300,-156,516,1299,-156,581,1286,56,513,1287,119,553,1266,-135,525,1266,-118,646,1168,178,472,1199,195,802,1152,30,424,1349,112,810,1294,-144,422,1510,-19,809,1332,-223,427,1544,-110,793,1341,-212,442,1546,-92,789,1333,-154,443,1538,-34,614,866,-18,489,869,19,636,607,-47,470,615,-26,642,380,215,454,391,240,622,355,227,472,369,251,672,304,-56,417,311,3,
533,1285,-231,548,1301,-182,555,1301,-182,563,1300,-182,527,1300,-171,521,1299,-171,515,1298,-171,581,1286,46,513,1287,103,553,1265,-150,524,1264,-134,646,1169,157,472,1199,184,803,1185,29,424,1348,99,795,1330,-139,422,1510,-43,794,1363,-218,428,1545,-144,778,1372,-209,442,1547,-124,773,1362,-150,443,1540,-58,614,866,-20,488,869,21,636,608,-42,469,616,-12,642,380,235,454,391,270,622,355,248,472,369,282,672,304,-48,417,311,26,
532,1286,-273,547,1302,-221,555,1301,-221,563,1300,-221,526,1300,-209,520,1299,-208,515,1298,-208,581,1286,6,512,1287,70,552,1265,-194,523,1265,-176,646,1175,93,470,1201,125,802,1219,-16,425,1350,11,780,1374,-135,422,1512,-135,779,1405,-210,428,1549,-242,764,1408,-205,444,1552,-222,759,1398,-147,444,1543,-150,613,867,-20,488,869,20,636,609,-22,469,616,7,642,380,288,454,391,313,622,355,304,472,370,325,672,304,5,417,312,58,
532,1286,-414,547,1302,-366,555,1301,-366,563,1301,-366,525,1300,-354,519,1299,-354,514,1298,-354,581,1287,-146,512,1287,-88,552,1265,-338,523,1265,-321,646,1180,-73,469,1201,-43,796,1256,-207,428,1350,-177,766,1413,-323,424,1515,-306,767,1441,-401,430,1551,-408,749,1447,-399,446,1555,-390,744,1437,-337,447,1546,-320,613,867,-19,488,869,19,636,609,15,469,616,42,642,381,331,454,392,353,622,356,346,472,371,365,672,304,52,417,312,97,
533,1286,-551,548,1302,-509,556,1302,-509,564,1301,-509,526,1300,-500,520,1299,-500,514,1298,-499,581,1288,-306,512,1287,-260,553,1265,-479,524,1265,-466,645,1184,-255,469,1200,-223,774,1288,-404,431,1351,-375,753,1444,-509,427,1521,-476,758,1476,-584,433,1555,-568,737,1482,-583,450,1559,-551,731,1469,-523,452,1550,-489,612,867,-18,487,869,18,635,609,39,469,616,80,642,382,339,454,392,382,621,356,353,472,371,395,672,305,72,417,312,141,
536,1289,-568,550,1304,-525,558,1304,-525,566,1303,-525,528,1303,-517,522,1302,-517,516,1300,-517,581,1290,-324,513,1288,-283,555,1268,-496,527,1268,-485,645,1189,-288,470,1201,-251,757,1309,-451,436,1353,-406,742,1472,-552,435,1523,-494,745,1506,-628,440,1556,-583,724,1507,-627,457,1561,-567,720,1496,-566,460,1552,-506,612,867,-18,487,869,18,635,609,47,469,616,96,642,382,345,454,392,402,621,356,359,472,370,415,672,305,83,417,312,166,
539,1293,-602,551,1308,-561,559,1307,-561,567,1307,-561,531,1306,-554,525,1305,-554,519,1304,-554,581,1293,-364,514,1290,-327,557,1272,-530,530,1272,-520,645,1196,-331,470,1205,-311,741,1331,-493,439,1357,-469,727,1497,-589,443,1527,-541,730,1529,-663,446,1558,-625,710,1528,-663,464,1562,-615,705,1519,-603,468,1554,-554,611,868,-14,486,870,14,635,609,69,469,616,97,642,383,379,452,392,416,621,357,394,469,370,431,673,307,123,416,312,179,
545,1296,-698,556,1311,-657,563,1310,-657,571,1309,-657,536,1309,-656,531,1308,-656,525,1307,-656,582,1295,-453,517,1293,-442,561,1275,-622,536,1275,-619,645,1200,-413,471,1207,-430,720,1339,-580,443,1367,-625,716,1507,-678,452,1533,-687,718,1541,-754,454,1561,-767,701,1542,-753,473,1565,-757,697,1534,-692,478,1557,-698,611,868,-7,486,870,6,635,608,88,469,614,101,642,384,405,450,390,433,621,358,421,467,369,449,675,307,153,416,310,197,
551,1299,-771,560,1313,-731,568,1313,-731,575,1313,-731,540,1312,-729,535,1310,-729,529,1309,-729,584,1297,-522,519,1296,-510,567,1279,-693,541,1278,-690,645,1202,-489,472,1206,-488,699,1344,-683,445,1367,-687,699,1516,-796,455,1533,-755,701,1550,-876,456,1560,-834,682,1552,-875,476,1564,-828,673,1545,-810,482,1557,-767,611,868,-6,486,870,5,635,608,81,469,614,110,642,385,413,450,390,458,620,358,430,465,369,475,676,307,153,416,310,214,
554,1303,-700,564,1317,-660,572,1316,-660,580,1315,-660,544,1315,-658,538,1314,-658,532,1313,-658,588,1299,-456,521,1298,-439,570,1282,-624,543,1281,-619,645,1205,-441,474,1208,-407,677,1353,-636,451,1368,-585,687,1523,-742,457,1532,-655,692,1552,-822,456,1560,-735,673,1555,-822,477,1564,-731,663,1549,-756,484,1557,-670,611,868,-8,486,870,7,635,608,76,469,613,122,641,385,417,449,388,472,619,359,435,465,367,489,675,307,158,415,310,235,
554,1306,-619,564,1319,-578,572,1319,-578,580,1319,-578,543,1318,-575,537,1316,-574,532,1315,-574,588,1303,-374,521,1300,-354,570,1287,-543,543,1286,-537,643,1212,-362,474,1209,-327,654,1364,-563,453,1369,-502,669,1525,-668,460,1532,-574,677,1554,-750,460,1560,-653,660,1557,-748,481,1564,-651,649,1550,-682,487,1557,-590,611,868,-9,486,870,8,635,608,85,469,614,114,641,386,420,449,386,460,618,360,437,465,365,477,675,308,160,414,310,219,
555,1306,-627,565,1320,-586,573,1319,-586,580,1319,-586,544,1318,-585,538,1316,-585,532,1315,-585,588,1303,-376,521,1300,-367,571,1287,-549,543,1286,-546,643,1212,-371,474,1210,-340,651,1369,-582,457,1373,-531,659,1524,-687,463,1535,-602,666,1552,-772,463,1562,-681,651,1554,-765,482,1566,-682,641,1547,-700,488,1560,-618,611,868,-10,486,870,10,635,607,88,469,614,121,640,386,445,450,386,492,617,360,464,465,365,511,675,308,186,414,310,253,
556,1305,-553,566,1319,-511,573,1319,-511,581,1319,-511,545,1317,-514,539,1316,-514,533,1315,-514,589,1303,-304,521,1300,-324,571,1287,-476,544,1286,-479,643,1210,-351,475,1210,-309,646,1360,-521,459,1373,-517,649,1517,-652,467,1536,-539,655,1546,-724,466,1563,-607,639,1550,-725,484,1567,-615,630,1542,-669,490,1561,-554,611,868,-10,486,870,10,635,607,81,468,613,112,640,386,421,450,386,462,616,360,439,465,364,479,675,308,168,415,310,226,
557,1303,-502,567,1318,-458,574,1318,-458,582,1318,-458,546,1316,-460,540,1315,-460,534,1314,-460,589,1302,-249,522,1299,-257,572,1286,-425,545,1285,-426,643,1209,-283,476,1210,-238,643,1355,-490,460,1372,-423,644,1508,-616,468,1536,-475,647,1539,-708,469,1564,-549,631,1544,-701,485,1568,-551,623,1536,-629,491,1562,-489,612,867,-10,487,870,10,635,607,80,468,613,111,640,386,411,451,386,451,616,361,430,465,364,468,675,308,161,417,310,215,
557,1303,-462,567,1318,-419,575,1318,-419,582,1318,-419,546,1316,-417,541,1315,-417,535,1314,-417,590,1302,-217,523,1299,-205,573,1285,-388,545,1284,-385,643,1208,-248,477,1210,-181,641,1356,-469,461,1372,-351,635,1510,-589,470,1535,-422,638,1541,-688,471,1564,-501,620,1546,-675,487,1568,-500,614,1538,-600,492,1562,-438,612,868,-13,487,870,13,636,607,61,468,613,108,639,386,408,452,386,446,616,361,425,466,364,463,674,308,153,419,310,211,
558,1300,-461,568,1316,-417,575,1316,-417,583,1316,-417,547,1314,-416,541,1313,-416,536,1312,-415,590,1302,-213,524,1298,-201,573,1283,-386,546,1282,-382,643,1208,-236,478,1210,-177,639,1354,-453,461,1372,-348,633,1506,-571,470,1536,-426,634,1539,-671,471,1564,-506,618,1544,-659,487,1568,-505,612,1536,-582,492,1562,-442,612,868,-14,487,870,13,636,607,50,468,613,101,639,387,399,453,387,445,616,361,418,467,365,463,674,308,150,419,310,210,
558,1296,-430,568,1313,-386,576,1313,-386,583,1313,-386,548,1311,-384,543,1311,-383,537,1310,-383,591,1301,-181,526,1297,-168,574,1279,-356,547,1280,-352,643,1208,-206,480,1209,-149,638,1351,-420,462,1371,-324,632,1503,-539,469,1536,-408,633,1536,-633,470,1564,-491,617,1542,-626,487,1568,-489,610,1533,-551,492,1562,-424,612,868,-14,487,870,13,636,607,42,467,613,83,639,387,391,454,387,425,615,362,411,467,365,442,674,308,145,420,310,188,
560,1296,-440,569,1313,-394,577,1313,-394,584,1313,-394,549,1311,-394,544,1311,-394,539,1310,-394,592,1300,-186,527,1297,-180,575,1279,-364,548,1280,-363,643,1207,-204,481,1209,-162,637,1352,-408,462,1371,-339,633,1503,-526,468,1536,-421,634,1536,-616,469,1565,-503,617,1542,-611,486,1569,-501,610,1534,-538,491,1562,-436,612,868,-13,487,870,13,636,607,40,467,613,74,639,387,390,454,387,419,615,362,410,467,365,436,674,308,143,420,310,178,
560,1300,-455,570,1315,-410,577,1315,-410,585,1315,-410,550,1313,-408,544,1312,-408,539,1311,-408,592,1301,-203,527,1298,-191,575,1282,-380,549,1283,-376,643,1207,-213,481,1210,-172,637,1356,-409,461,1371,-347,632,1509,-531,468,1536,-425,635,1539,-619,469,1565,-506,617,1545,-615,486,1569,-504,610,1538,-544,491,1562,-440,612,868,-13,487,870,13,636,606,41,467,613,74,639,387,395,454,387,427,615,362,415,467,365,445,674,308,143,421,310,184,
561,1302,-450,571,1316,-404,578,1316,-404,586,1316,-404,550,1314,-403,545,1313,-403,540,1312,-403,593,1301,-198,527,1299,-187,575,1284,-375,549,1284,-372,643,1208,-213,482,1210,-170,637,1358,-411,461,1371,-345,632,1511,-526,467,1536,-416,636,1541,-612,468,1565,-496,618,1547,-607,486,1569,-492,611,1539,-539,491,1562,-430,612,868,-12,487,870,12,636,606,41,467,613,74,639,387,397,454,386,427,615,362,417,467,365,445,674,309,144,421,310,184,
562,1302,-452,572,1316,-407,579,1316,-407,586,1316,-407,551,1314,-404,545,1313,-404,540,1312,-404,594,1301,-204,527,1299,-197,576,1284,-379,550,1284,-373,643,1208,-216,482,1210,-177,639,1358,-415,461,1371,-349,635,1513,-529,467,1536,-420,639,1542,-615,468,1565,-502,620,1548,-610,486,1569,-497,613,1541,-542,491,1562,-435,612,868,-12,487,871,12,636,606,42,467,613,74,639,388,397,454,387,427,615,363,416,467,366,445,674,309,144,421,310,184,
563,1301,-438,573,1316,-393,581,1316,-393,588,1315,-393,552,1314,-393,546,1313,-393,541,1312,-392,595,1301,-185,528,1299,-183,578,1284,-363,551,1284,-361,644,1208,-201,482,1210,-159,640,1358,-402,461,1371,-327,637,1512,-516,467,1536,-402,641,1542,-603,468,1565,-483,622,1547,-598,486,1569,-479,614,1540,-529,491,1562,-417,612,869,-12,487,871,12,636,606,42,467,613,74,639,388,387,454,387,420,615,363,406,467,366,438,674,309,137,421,310,181,
564,1301,-447,574,1315,-402,581,1315,-402,589,1315,-402,553,1314,-401,547,1313,-401,542,1312,-401,596,1301,-195,529,1299,-186,578,1283,-371,552,1284,-369,644,1208,-207,483,1211,-164,640,1357,-406,461,1371,-332,638,1512,-519,467,1536,-407,642,1541,-605,467,1565,-489,624,1547,-598,485,1569,-484,616,1539,-532,491,1562,-422,612,869,-11,487,872,11,636,606,44,467,614,73,639,388,387,454,386,417,614,363,406,467,366,434,674,309,137,421,310,177,
565,1300,-474,575,1315,-431,582,1315,-431,589,1314,-431,554,1314,-431,548,1313,-431,542,1312,-431,597,1301,-224,529,1299,-221,579,1283,-398,552,1283,-397,644,1208,-236,483,1210,-189,639,1357,-436,461,1371,-354,638,1513,-546,466,1537,-425,643,1543,-632,467,1565,-503,625,1548,-625,485,1569,-501,616,1541,-558,490,1562,-440,612,869,-11,487,872,11,636,606,44,467,614,74,639,388,387,454,387,419,614,364,406,467,366,436,674,309,137,421,310,181,
565,1300,-490,575,1315,-448,582,1315,-448,589,1314,-448,554,1314,-448,548,1313,-448,542,1312,-448,597,1301,-245,529,1299,-239,579,1282,-415,552,1283,-414,644,1208,-255,483,1211,-207,640,1358,-455,461,1371,-371,639,1516,-561,466,1537,-437,643,1545,-645,466,1565,-513,625,1550,-638,485,1569,-511,617,1543,-572,490,1562,-452,612,870,-11,487,873,11,636,606,44,467,615,76,639,389,385,454,387,420,614,364,404,467,366,437,674,310,137,421,310,185,
565,1299,-509,575,1315,-468,582,1314,-468,590,1314,-468,554,1313,-467,548,1312,-467,542,1312,-467,597,1301,-263,529,1299,-259,580,1281,-433,552,1282,-432,644,1208,-269,484,1211,-228,640,1358,-466,461,1372,-396,639,1517,-571,466,1537,-462,644,1545,-656,466,1566,-537,626,1551,-650,485,1570,-535,617,1543,-583,490,1563,-476,612,870,-11,487,873,10,635,607,48,467,615,77,639,389,385,453,387,420,614,364,404,466,366,437,675,310,139,421,310,185,
565,1299,-506,575,1314,-463,582,1314,-463,590,1314,-463,554,1313,-462,548,1312,-462,542,1312,-462,597,1301,-257,529,1299,-251,580,1281,-430,552,1282,-428,644,1208,-263,484,1211,-222,640,1358,-461,461,1373,-390,639,1517,-569,466,1538,-458,644,1545,-653,466,1567,-535,626,1551,-647,485,1570,-532,617,1544,-581,490,1564,-472,612,870,-11,487,874,10,635,608,50,467,615,78,639,389,378,452,387,415,614,364,395,465,366,431,675,310,134,420,310,181,
565,1299,-487,575,1314,-445,582,1314,-445,590,1314,-445,554,1313,-445,547,1312,-445,542,1312,-445,597,1301,-239,529,1299,-237,580,1281,-411,552,1282,-410,645,1208,-248,484,1211,-212,641,1358,-448,461,1374,-383,639,1517,-557,467,1539,-452,644,1545,-643,467,1568,-528,626,1551,-635,485,1571,-527,617,1544,-569,490,1564,-467,612,871,-11,487,875,10,635,608,49,467,615,75,638,389,372,451,387,408,613,364,389,464,365,424,675,310,127,420,310,173,
565,1299,-449,575,1314,-404,582,1314,-404,590,1314,-404,554,1313,-404,547,1312,-404,542,1312,-404,597,1301,-200,529,1299,-195,580,1281,-374,552,1282,-372,645,1208,-215,484,1211,-176,641,1356,-422,462,1374,-350,639,1515,-542,468,1539,-433,644,1544,-629,467,1568,-513,626,1551,-624,485,1571,-512,617,1543,-555,491,1565,-449,612,871,-11,487,875,10,635,608,41,467,615,67,638,389,353,450,387,386,613,364,369,463,365,401,675,310,102,420,310,148,
565,1301,-449,575,1316,-405,583,1315,-405,590,1315,-405,554,1314,-405,547,1313,-405,542,1313,-405,598,1301,-201,529,1300,-196,580,1283,-375,552,1283,-373,645,1208,-217,484,1211,-175,641,1356,-422,463,1374,-348,640,1515,-541,469,1539,-428,645,1544,-628,468,1568,-507,626,1551,-623,485,1572,-507,617,1543,-554,491,1565,-444,612,871,-11,487,875,10,635,609,39,466,615,67,638,390,349,449,387,384,613,365,365,462,365,398,675,310,95,419,311,145,
565,1303,-448,575,1317,-404,583,1317,-404,590,1316,-404,554,1315,-404,547,1314,-404,542,1314,-404,598,1302,-200,529,1301,-195,580,1285,-374,552,1285,-372,645,1209,-217,484,1212,-173,641,1356,-422,463,1375,-345,640,1515,-540,469,1540,-423,645,1544,-628,469,1568,-502,626,1551,-623,486,1572,-502,617,1543,-553,492,1565,-438,612,871,-11,487,875,11,635,609,38,466,615,68,639,390,348,448,387,387,613,365,364,461,365,401,675,310,93,418,311,147,
565,1303,-459,575,1317,-415,583,1317,-415,590,1316,-415,554,1315,-415,547,1315,-415,542,1314,-415,598,1302,-212,529,1301,-207,580,1286,-385,552,1285,-383,645,1209,-229,484,1212,-183,642,1356,-434,464,1375,-354,640,1515,-551,469,1540,-432,645,1544,-639,469,1568,-511,626,1551,-634,486,1572,-511,618,1544,-564,492,1565,-448,612,871,-11,487,876,11,635,609,41,466,615,70,639,390,350,448,387,388,614,365,366,461,365,402,675,311,97,417,311,148,
565,1303,-470,575,1317,-427,583,1317,-427,590,1316,-427,554,1315,-426,547,1315,-426,542,1314,-426,598,1303,-223,529,1301,-218,581,1286,-395,552,1285,-393,646,1209,-239,484,1212,-192,642,1356,-445,464,1375,-361,640,1515,-558,469,1539,-437,644,1545,-646,469,1568,-515,625,1551,-640,486,1572,-516,617,1544,-570,492,1565,-453,612,871,-11,487,876,11,635,609,48,466,616,78,639,391,353,448,387,398,614,365,369,462,365,412,675,311,103,417,311,162,
565,1304,-476,576,1317,-433,583,1317,-433,591,1317,-433,554,1316,-433,547,1315,-433,542,1314,-433,598,1303,-230,529,1301,-226,581,1286,-401,553,1286,-400,646,1209,-243,484,1212,-201,642,1356,-445,464,1375,-369,639,1517,-557,469,1539,-441,642,1547,-645,468,1568,-519,623,1553,-639,486,1572,-519,616,1546,-570,492,1565,-457,612,871,-11,487,876,11,635,609,53,466,616,81,639,391,359,448,387,402,614,365,375,462,365,417,675,311,112,417,311,168,
