545,1306,-338,556,1325,-283,564,1324,-283,571,1324,-283,534,1324,-280,527,1323,-279,520,1323,-279,583,1315,-37,506,1314,-19,560,1285,-253,532,1283,-248,649,1195,89,451,1196,99,818,1223,33,288,1218,24,836,1380,-105,252,1364,-194,845,1413,-161,247,1397,-278,830,1417,-162,263,1403,-265,821,1408,-119,268,1393,-207,609,877,-12,485,882,12,617,623,-9,460,635,-8,621,402,285,445,410,253,604,377,298,460,386,262,659,337,14,407,335,-9,
541,1304,-341,553,1324,-288,561,1324,-288,568,1323,-288,532,1323,-282,525,1323,-282,518,1322,-282,582,1314,-47,506,1312,-19,558,1282,-257,529,1281,-250,649,1195,86,452,1195,96,814,1225,31,292,1217,23,836,1380,-119,253,1364,-189,845,1413,-174,249,1396,-274,830,1418,-184,263,1401,-259,823,1408,-137,269,1392,-201,609,877,-7,485,882,7,619,620,-10,460,635,-30,623,402,273,441,410,226,605,377,285,456,387,235,663,335,2,407,335,-45,
540,1303,-341,551,1323,-288,559,1323,-288,567,1323,-288,530,1323,-282,524,1322,-282,518,1322,-282,581,1313,-47,506,1311,-18,558,1281,-257,528,1280,-249,649,1195,86,452,1195,94,812,1226,31,294,1217,19,836,1380,-119,253,1364,-189,845,1412,-174,250,1395,-274,831,1418,-183,264,1400,-259,825,1407,-136,269,1391,-201,609,877,-4,485,882,5,619,619,-10,460,634,-37,624,402,271,440,411,221,605,377,282,455,387,230,665,334,0,407,335,-49,
538,1302,-340,550,1323,-288,558,1323,-288,566,1323,-288,530,1322,-282,523,1322,-282,517,1322,-282,580,1312,-47,506,1311,-18,557,1281,-257,527,1279,-249,649,1196,86,453,1194,94,811,1226,31,295,1217,19,837,1379,-118,253,1364,-187,845,1412,-173,250,1395,-272,832,1418,-181,264,1399,-256,826,1407,-135,269,1391,-199,609,877,-3,485,882,3,619,618,-11,460,634,-39,625,403,270,439,411,221,605,377,282,453,388,231,667,334,1,407,335,-48,
538,1301,-339,549,1322,-288,557,1323,-288,565,1323,-288,529,1322,-281,523,1322,-281,516,1321,-281,580,1312,-48,506,1310,-15,556,1280,-257,527,1279,-247,649,1196,86,453,1194,95,810,1226,31,295,1217,23,837,1378,-118,253,1364,-178,845,1412,-173,250,1395,-263,832,1418,-181,264,1399,-247,827,1406,-135,269,1390,-190,609,877,-3,485,881,3,619,617,-14,460,633,-39,625,403,269,438,411,222,606,377,281,452,389,232,667,334,0,406,335,-46,
537,1300,-335,548,1322,-283,557,1322,-283,565,1322,-283,529,1321,-276,522,1321,-276,516,1321,-276,580,1311,-45,506,1310,-10,556,1279,-253,526,1278,-242,649,1196,89,453,1194,98,809,1227,37,296,1216,26,837,1378,-112,253,1364,-173,845,1411,-165,250,1395,-259,832,1418,-177,264,1399,-243,827,1406,-130,269,1390,-185,609,877,-3,485,881,3,619,617,-14,460,633,-40,625,403,267,438,411,220,606,377,279,452,389,229,668,334,-1,406,335,-49,
537,1300,-332,548,1322,-281,556,1322,-281,564,1322,-281,528,1321,-273,522,1321,-273,516,1321,-273,579,1311,-44,506,1310,-5,556,1279,-251,526,1278,-239,648,1196,90,453,1193,104,809,1227,37,296,1216,37,837,1378,-113,254,1364,-160,845,1411,-166,251,1395,-245,832,1418,-177,264,1399,-229,827,1406,-131,269,1390,-172,609,877,-3,485,881,3,619,617,-15,459,632,-39,625,403,265,437,411,221,606,377,277,452,389,230,668,334,-3,405,336,-48,
537,1300,-325,548,1322,-274,556,1322,-273,564,1322,-274,528,1322,-265,522,1321,-265,516,1321,-265,579,1311,-39,506,1310,2,555,1279,-244,526,1279,-232,648,1196,92,453,1193,111,808,1227,38,296,1216,43,837,1377,-109,254,1364,-155,845,1411,-161,251,1394,-240,832,1418,-172,264,1398,-224,827,1405,-126,269,1390,-167,609,877,-3,485,881,3,619,617,-20,459,631,-39,625,403,266,437,411,221,606,378,279,452,389,231,667,334,0,404,336,-47,
536,1300,-320,547,1322,-270,555,1322,-269,563,1322,-270,528,1322,-260,522,1322,-260,516,1321,-260,579,1311,-37,506,1310,7,555,1280,-240,526,1279,-228,648,1196,93,453,1193,115,808,1227,38,296,1216,48,837,1377,-110,254,1364,-150,845,1411,-161,251,1394,-233,833,1418,-172,264,1398,-217,827,1405,-127,269,1390,-162,608,877,-3,485,881,3,619,617,-22,459,631,-38,625,403,267,437,411,222,606,378,280,451,389,232,664,334,1,403,336,-46,
535,1301,-318,546,1322,-268,554,1323,-267,562,1323,-268,527,1322,-258,521,1322,-258,515,1322,-258,578,1311,-36,506,1310,10,554,1280,-238,525,1280,-225,648,1196,93,453,1193,120,808,1227,35,296,1216,56,837,1377,-114,254,1364,-137,844,1411,-166,251,1394,-220,833,1418,-177,264,1398,-203,827,1405,-131,269,1389,-149,608,877,-4,485,880,4,619,617,-23,459,631,-38,625,403,268,436,411,222,606,378,281,451,389,232,663,334,3,402,336,-46,
535,1302,-319,546,1323,-268,554,1323,-268,562,1323,-268,527,1323,-259,521,1322,-259,515,1322,-259,578,1311,-36,506,1310,9,553,1281,-239,524,1280,-227,648,1197,92,453,1193,119,808,1227,32,296,1216,54,837,1377,-117,254,1364,-142,844,1410,-169,251,1394,-226,832,1417,-179,264,1398,-209,827,1405,-134,269,1389,-154,608,877,-4,485,880,4,619,617,-22,458,631,-38,625,404,281,436,411,229,606,378,296,451,388,239,662,334,17,402,336,-42,
534,1302,-319,545,1323,-269,553,1324,-269,561,1323,-269,526,1323,-260,521,1323,-260,515,1322,-259,578,1311,-37,506,1310,7,553,1281,-239,524,1281,-227,648,1197,92,453,1193,117,808,1227,31,295,1216,52,837,1377,-120,254,1364,-145,844,1410,-173,251,1394,-229,832,1417,-183,264,1398,-212,827,1405,-138,269,1389,-157,608,877,-4,485,880,4,619,617,-17,458,631,-37,625,404,281,436,410,228,605,378,295,451,388,238,662,334,16,401,337,-43,
534,1303,-324,545,1324,-273,553,1324,-273,561,1324,-274,526,1324,-264,520,1323,-264,514,1323,-264,578,1312,-41,506,1310,6,553,1282,-244,524,1282,-231,648,1197,88,453,1193,116,808,1227,26,295,1216,51,837,1376,-125,254,1364,-147,844,1410,-177,251,1394,-231,832,1417,-188,264,1398,-214,827,1404,-142,269,1389,-159,608,877,-4,485,880,4,619,617,-13,458,631,-37,625,404,282,436,410,229,604,378,297,452,388,239,662,334,17,400,337,-42,
534,1304,-324,545,1325,-273,553,1325,-273,561,1325,-273,526,1324,-263,520,1324,-263,514,1323,-263,578,1312,-40,506,1310,6,553,1283,-244,523,1282,-231,648,1197,89,453,1193,116,807,1227,28,295,1216,51,837,1375,-116,254,1363,-149,844,1409,-166,251,1393,-233,832,1417,-177,264,1398,-216,827,1404,-133,269,1389,-160,608,877,-3,485,880,3,619,617,-8,458,631,-37,624,404,288,436,410,230,602,378,302,452,388,241,661,334,25,400,337,-39,
534,1305,-324,545,1325,-273,553,1326,-273,561,1325,-273,526,1325,-263,520,1324,-263,514,1323,-263,578,1312,-40,506,1310,6,553,1284,-244,523,1283,-231,648,1197,88,453,1192,112,807,1227,28,295,1216,39,837,1375,-114,253,1363,-159,844,1409,-164,251,1393,-243,832,1416,-174,264,1398,-225,827,1404,-131,269,1389,-170,608,877,-3,484,880,3,618,618,-2,458,631,-36,622,404,293,436,410,232,600,378,306,452,388,242,660,334,29,399,337,-38,
534,1305,-324,545,1325,-273,553,1326,-273,561,1325,-273,526,1325,-263,520,1324,-263,514,1323,-263,578,1312,-40,506,1310,5,553,1284,-244,523,1283,-231,648,1197,88,453,1192,110,807,1227,30,295,1216,34,837,1375,-108,253,1363,-163,844,1408,-158,251,1393,-247,832,1416,-168,264,1397,-229,827,1403,-126,268,1389,-174,608,877,-2,484,880,2,618,618,0,457,631,-36,621,404,299,436,410,234,599,378,313,452,388,245,659,333,37,399,337,-35,
534,1305,-324,545,1325,-272,553,1326,-272,561,1325,-272,525,1325,-263,519,1324,-263,514,1323,-263,578,1312,-39,506,1310,5,553,1283,-244,523,1283,-231,648,1197,88,453,1192,109,807,1227,30,294,1216,33,837,1374,-103,253,1363,-163,844,1408,-152,251,1393,-247,832,1415,-163,264,1397,-229,827,1403,-120,268,1389,-174,608,876,-2,484,880,2,618,618,-1,457,631,-36,620,404,300,436,410,235,599,378,314,451,388,246,658,333,39,399,338,-32,
534,1305,-321,545,1325,-269,553,1326,-269,561,1325,-269,525,1325,-260,519,1324,-260,513,1323,-260,578,1312,-37,506,1310,5,553,1283,-241,523,1283,-229,648,1197,89,453,1192,109,807,1227,31,294,1216,35,837,1373,-102,252,1363,-157,844,1407,-152,250,1393,-239,832,1415,-162,264,1397,-221,827,1402,-119,268,1389,-168,608,876,-2,484,880,2,617,619,-2,457,632,-36,620,404,302,435,411,237,598,378,317,451,388,249,657,333,42,399,338,-28,
534,1305,-316,545,1325,-264,553,1326,-264,561,1325,-264,525,1325,-256,519,1324,-256,513,1323,-256,578,1312,-31,506,1310,8,553,1283,-236,523,1283,-225,647,1197,92,453,1192,113,806,1227,35,294,1216,42,837,1373,-100,252,1363,-147,844,1406,-150,250,1393,-229,832,1414,-160,263,1397,-211,827,1401,-117,268,1389,-158,608,876,-2,484,880,2,617,619,-7,457,632,-36,620,404,301,435,411,239,598,378,316,450,388,251,657,333,39,399,338,-25,
534,1304,-316,545,1325,-264,553,1325,-264,561,1325,-264,525,1324,-256,519,1324,-255,513,1323,-255,578,1312,-30,506,1310,9,553,1283,-236,523,1282,-224,647,1197,92,453,1192,117,806,1227,35,294,1216,50,837,1372,-103,252,1363,-138,844,1406,-153,250,1393,-219,832,1413,-162,263,1397,-202,827,1400,-119,268,1389,-149,607,876,-3,483,879,3,616,619,-14,457,631,-36,620,404,300,435,411,241,599,378,315,449,388,253,656,333,38,399,338,-24,
534,1304,-315,545,1325,-263,553,1325,-263,561,1325,-263,525,1324,-255,519,1324,-255,513,1323,-254,578,1312,-30,506,1310,10,553,1283,-235,523,1282,-223,647,1197,92,453,1192,119,806,1227,35,293,1216,54,837,1371,-104,252,1362,-132,844,1405,-155,250,1393,-213,832,1412,-164,263,1397,-196,827,1399,-121,267,1389,-143,607,876,-4,483,879,4,616,619,-18,457,631,-36,620,404,298,434,411,241,599,378,314,448,388,253,656,333,36,399,338,-23,
534,1305,-315,545,1325,-263,553,1325,-263,561,1325,-264,525,1324,-255,519,1324,-255,513,1323,-255,577,1312,-30,505,1310,9,553,1283,-235,523,1282,-224,647,1197,91,453,1192,119,805,1227,32,293,1216,56,837,1371,-112,252,1362,-126,843,1404,-162,250,1393,-205,832,1411,-171,263,1397,-188,827,1398,-128,267,1389,-137,607,876,-4,482,879,4,616,619,-19,457,631,-36,620,404,293,434,411,241,599,378,309,447,389,253,656,333,29,399,338,-23,
534,1305,-313,545,1325,-262,553,1326,-262,561,1325,-262,525,1325,-254,519,1324,-254,513,1323,-254,577,1312,-27,505,1310,10,553,1283,-233,523,1282,-222,646,1197,96,452,1192,119,805,1227,39,292,1217,55,837,1370,-105,252,1363,-128,843,1404,-155,250,1393,-208,832,1411,-164,263,1398,-191,827,1398,-122,267,1389,-139,606,876,-4,482,879,4,616,620,-19,456,631,-37,620,404,293,433,411,239,599,379,309,447,389,251,656,333,30,399,338,-26,
534,1305,-317,545,1325,-265,553,1326,-265,561,1325,-265,525,1325,-257,519,1324,-257,513,1323,-257,577,1312,-30,505,1310,7,553,1283,-236,523,1282,-225,646,1197,93,451,1192,118,805,1230,36,292,1218,55,836,1371,-110,252,1364,-131,842,1406,-161,250,1395,-211,832,1413,-171,263,1399,-194,826,1399,-127,267,1390,-142,606,876,-4,482,879,4,616,620,-19,456,631,-37,620,404,296,432,412,243,599,379,312,445,389,255,655,332,32,399,338,-23,
534,1304,-317,545,1325,-265,553,1325,-265,561,1324,-265,525,1324,-257,519,1323,-257,513,1323,-257,577,1311,-31,505,1309,8,553,1282,-236,523,1281,-225,645,1197,90,450,1192,118,805,1233,35,291,1225,55,834,1377,-109,253,1370,-128,840,1412,-161,251,1403,-210,830,1418,-171,264,1408,-192,825,1406,-127,269,1397,-139,606,876,-5,481,879,5,615,620,-23,456,631,-36,620,405,289,432,412,243,599,379,304,444,389,255,655,332,22,399,338,-24,
533,1300,-322,544,1322,-271,552,1322,-271,561,1322,-271,524,1321,-262,518,1321,-262,512,1320,-262,577,1309,-40,504,1308,6,552,1277,-242,522,1277,-229,644,1197,79,450,1192,118,805,1238,22,291,1234,57,828,1389,-118,256,1376,-118,833,1423,-172,254,1410,-200,822,1427,-180,267,1416,-179,817,1417,-135,272,1404,-128,605,876,-7,481,879,7,615,619,-25,456,631,-34,620,405,273,432,412,240,599,379,287,444,389,251,655,332,2,399,338,-29,
532,1300,-282,544,1321,-232,552,1322,-232,560,1321,-232,524,1321,-221,518,1320,-221,512,1320,-221,577,1309,-6,504,1307,46,551,1277,-204,521,1277,-190,643,1196,97,451,1192,162,802,1242,33,294,1239,115,816,1402,-90,263,1384,-52,819,1434,-145,262,1418,-133,807,1437,-149,276,1423,-110,803,1428,-104,280,1412,-62,604,876,-10,481,879,10,614,620,-31,456,631,-34,619,405,240,432,412,222,599,379,251,444,389,230,655,332,-32,398,338,-47,
532,1304,-282,544,1323,-229,552,1323,-229,560,1322,-229,524,1323,-221,518,1322,-221,512,1321,-220,576,1309,3,504,1308,43,550,1280,-203,520,1281,-192,642,1196,102,450,1192,153,800,1251,33,299,1250,96,800,1415,-88,274,1397,-73,800,1445,-144,276,1431,-156,786,1449,-143,292,1437,-131,783,1441,-99,295,1426,-82,604,876,-10,480,879,10,613,620,-27,456,631,-32,619,405,251,432,412,222,599,380,264,443,389,231,655,332,-17,399,338,-44,
531,1303,-288,544,1323,-234,552,1323,-234,560,1322,-234,523,1322,-226,516,1322,-226,510,1321,-226,576,1308,0,503,1307,39,549,1280,-208,519,1281,-197,640,1196,101,451,1192,148,792,1262,12,306,1260,90,781,1430,-119,293,1410,-74,776,1457,-183,295,1445,-161,763,1460,-177,311,1449,-135,761,1454,-129,314,1439,-83,604,876,-11,480,879,11,613,622,-12,455,632,-22,619,405,258,431,412,227,598,380,271,443,389,233,654,332,-14,399,338,-43,
529,1294,-291,542,1315,-238,550,1315,-238,558,1315,-238,520,1313,-229,513,1312,-229,507,1312,-229,573,1305,-3,500,1300,38,547,1274,-211,517,1272,-200,638,1195,94,452,1192,129,775,1272,-7,318,1272,53,757,1436,-160,312,1425,-121,757,1468,-235,314,1458,-218,745,1469,-236,329,1462,-199,741,1462,-175,333,1453,-133,603,878,-11,480,881,11,612,622,0,455,632,-13,618,405,261,431,412,235,598,380,275,443,389,242,654,332,-14,399,338,-39,
529,1288,-287,541,1309,-235,550,1310,-235,558,1310,-235,520,1307,-229,513,1306,-229,507,1305,-228,572,1301,-5,501,1295,38,547,1270,-206,517,1266,-197,635,1193,88,455,1189,103,755,1282,-6,340,1276,1,729,1445,-160,331,1434,-168,729,1478,-214,330,1465,-264,717,1479,-219,344,1468,-246,714,1471,-173,347,1460,-180,602,880,-10,480,883,10,612,624,5,455,633,-13,617,405,251,432,412,230,596,380,260,446,389,236,653,333,-30,399,338,-42,
529,1284,-367,542,1305,-318,550,1306,-318,558,1306,-318,520,1303,-315,513,1301,-315,507,1300,-315,572,1298,-87,501,1290,-68,548,1265,-284,518,1261,-279,634,1191,1,458,1185,-2,735,1289,-82,356,1281,-131,707,1453,-176,349,1443,-293,705,1486,-240,349,1473,-386,694,1488,-244,362,1475,-370,691,1479,-190,364,1467,-304,600,881,-7,480,884,8,612,624,5,455,633,-9,616,404,255,432,411,234,595,380,265,447,389,240,652,334,-23,398,337,-36,
530,1281,-478,543,1303,-430,551,1303,-430,559,1303,-430,520,1300,-428,514,1298,-428,507,1297,-428,572,1294,-198,501,1288,-184,548,1262,-394,519,1259,-391,632,1190,-125,459,1182,-116,718,1295,-258,376,1284,-309,679,1457,-379,365,1449,-515,679,1490,-454,366,1478,-613,668,1491,-459,379,1480,-591,665,1482,-395,381,1472,-525,599,881,-3,480,885,3,611,624,4,454,633,-7,615,404,262,431,411,244,595,380,271,444,388,251,650,335,-20,398,337,-31,
531,1280,-299,543,1302,-248,551,1302,-248,559,1302,-248,522,1299,-245,515,1297,-245,509,1294,-245,572,1291,-41,503,1284,-25,549,1260,-226,521,1257,-221,630,1188,-34,462,1181,-17,696,1296,-219,393,1288,-207,658,1460,-372,387,1452,-399,657,1490,-456,386,1480,-495,649,1491,-455,397,1484,-473,646,1482,-387,399,1475,-410,597,881,-3,479,885,4,610,624,-14,454,633,-8,614,404,229,432,411,238,595,380,236,444,388,244,649,335,-54,399,337,-31,
531,1280,-266,543,1303,-218,551,1303,-218,559,1303,-218,521,1299,-213,515,1297,-213,508,1295,-213,572,1292,-17,503,1284,8,549,1260,-197,521,1257,-189,628,1187,-27,463,1180,14,677,1301,-290,410,1295,-194,639,1463,-484,405,1458,-383,640,1492,-577,406,1484,-480,633,1493,-576,416,1488,-466,629,1484,-500,418,1481,-398,596,881,-7,479,885,7,610,624,-31,455,633,-4,614,402,208,432,411,235,595,379,214,445,388,240,649,334,-74,399,337,-30,
532,1279,-230,544,1302,-183,552,1302,-183,560,1302,-183,522,1298,-179,515,1295,-179,509,1293,-179,572,1289,18,503,1281,40,550,1258,-160,522,1255,-154,627,1187,-14,464,1181,19,658,1303,-381,427,1299,-311,624,1462,-654,425,1457,-577,624,1492,-756,424,1482,-680,616,1492,-745,432,1487,-666,612,1483,-668,436,1479,-592,596,881,-6,478,885,6,610,624,-40,455,634,-6,614,401,173,433,411,214,595,378,176,446,388,217,649,334,-108,400,338,-44,
532,1280,-225,544,1302,-179,552,1303,-179,560,1302,-180,522,1298,-175,515,1296,-174,509,1294,-174,572,1290,17,503,1282,45,551,1259,-156,522,1256,-148,627,1189,-26,464,1182,10,637,1308,-422,441,1307,-329,610,1464,-706,439,1460,-579,612,1493,-807,436,1483,-677,603,1493,-802,446,1488,-669,599,1483,-722,449,1480,-596,596,881,-6,478,885,6,610,624,-35,455,634,-2,613,400,184,433,412,217,594,378,188,446,388,221,649,334,-95,400,339,-43,
534,1280,-240,547,1301,-195,555,1301,-195,563,1300,-195,523,1298,-191,517,1296,-191,510,1294,-190,573,1287,4,504,1282,32,554,1259,-170,523,1256,-163,627,1190,-47,466,1183,-18,623,1307,-451,452,1313,-369,600,1463,-744,456,1465,-611,600,1491,-847,452,1488,-708,592,1491,-841,462,1491,-699,588,1482,-760,467,1484,-627,595,881,-5,477,885,5,609,624,-34,455,635,0,613,400,195,433,412,219,594,377,200,446,388,222,649,335,-81,400,339,-38,
541,1282,-265,553,1302,-225,561,1301,-225,567,1300,-225,529,1300,-224,521,1298,-223,514,1296,-223,575,1288,-26,505,1283,-10,559,1261,-194,527,1258,-191,626,1190,-95,466,1183,-75,611,1304,-599,462,1307,-561,595,1461,-966,467,1460,-934,596,1490,-1073,466,1484,-1041,588,1490,-1063,475,1488,-1026,583,1481,-980,478,1480,-950,595,881,-3,477,886,3,609,624,-40,455,636,-8,612,400,177,433,412,208,592,377,181,446,388,211,649,336,-101,400,340,-53,
542,1283,-288,554,1302,-249,562,1301,-249,568,1300,-249,530,1300,-248,523,1298,-247,517,1296,-247,575,1288,-56,506,1283,-39,560,1262,-219,529,1260,-215,626,1190,-126,467,1183,-96,599,1303,-612,473,1304,-578,587,1460,-954,473,1457,-961,588,1488,-1058,471,1483,-1068,583,1488,-1052,476,1486,-1057,579,1479,-969,481,1478,-979,595,880,-2,477,886,2,609,624,-45,455,637,-15,611,400,176,433,412,209,592,377,179,446,388,211,649,337,-99,399,340,-52,
542,1284,-304,554,1302,-263,561,1301,-263,568,1300,-263,531,1301,-259,524,1299,-259,518,1296,-259,575,1286,-69,506,1281,-46,560,1263,-235,529,1262,-229,625,1188,-143,467,1182,-97,596,1298,-620,478,1299,-577,580,1459,-934,485,1456,-953,580,1485,-1035,485,1482,-1058,575,1486,-1026,488,1486,-1045,572,1477,-946,492,1477,-970,595,879,-2,477,885,2,609,624,-49,455,637,-18,611,400,185,433,412,223,592,377,189,446,388,227,649,337,-93,399,341,-38,
542,1286,-316,554,1302,-276,561,1301,-276,568,1300,-276,532,1301,-269,525,1299,-269,519,1297,-269,575,1286,-89,506,1280,-50,560,1267,-249,530,1266,-239,625,1187,-173,469,1183,-95,586,1294,-667,483,1288,-577,574,1457,-983,492,1455,-959,573,1481,-1084,493,1480,-1062,570,1482,-1073,496,1483,-1051,568,1474,-993,499,1473,-977,594,877,-4,477,885,4,608,623,-46,455,638,-11,611,400,187,433,412,244,591,378,193,446,388,248,649,337,-84,399,342,-12,
542,1286,-295,553,1301,-258,561,1299,-258,568,1298,-259,532,1300,-247,526,1298,-247,520,1296,-247,575,1282,-75,506,1278,-38,559,1269,-236,531,1268,-220,624,1185,-146,470,1182,-73,586,1290,-585,482,1281,-490,574,1453,-875,492,1454,-815,575,1476,-972,491,1479,-911,572,1478,-965,496,1480,-902,569,1469,-887,499,1469,-832,594,875,-6,476,884,5,608,623,-44,455,638,-4,611,400,189,433,411,242,591,377,194,446,387,246,650,338,-81,397,341,-12,
542,1288,-329,554,1302,-289,561,1301,-289,568,1299,-289,532,1302,-283,526,1301,-282,520,1299,-282,576,1285,-95,506,1281,-63,560,1270,-261,531,1269,-250,624,1188,-169,470,1184,-114,589,1289,-676,479,1279,-630,577,1453,-1013,490,1452,-1047,577,1476,-1117,490,1478,-1159,573,1478,-1108,494,1480,-1143,570,1469,-1025,498,1469,-1064,594,875,-5,476,884,5,608,623,-46,455,638,-9,611,400,197,432,412,245,591,377,204,446,388,250,651,338,-78,397,342,-15,
542,1291,-347,554,1308,-306,561,1306,-306,568,1305,-307,532,1308,-303,526,1307,-303,520,1306,-303,576,1295,-104,506,1292,-82,560,1274,-274,531,1272,-267,624,1193,-172,469,1189,-142,595,1287,-712,475,1279,-706,582,1452,-1086,486,1447,-1158,581,1476,-1194,487,1477,-1276,577,1478,-1185,490,1480,-1258,574,1469,-1100,494,1468,-1175,593,877,-5,476,886,5,608,624,-46,454,638,-12,611,400,188,432,413,227,591,378,192,446,388,229,651,338,-92,397,342,-36,
542,1285,-301,553,1305,-263,560,1304,-263,567,1303,-263,531,1304,-257,525,1302,-257,519,1301,-256,575,1294,-68,507,1289,-34,560,1267,-230,531,1263,-220,625,1193,-138,470,1187,-103,597,1287,-624,472,1286,-583,587,1449,-967,480,1446,-972,586,1476,-1070,480,1476,-1082,582,1477,-1061,485,1479,-1064,579,1467,-981,490,1468,-987,591,878,-6,475,886,5,608,625,-42,454,639,-9,611,401,167,432,413,199,591,378,168,446,388,200,651,338,-114,397,342,-62,
540,1280,-257,550,1303,-213,558,1303,-213,565,1302,-213,529,1299,-208,523,1297,-208,517,1296,-208,575,1294,-14,507,1287,15,559,1263,-185,530,1259,-177,625,1194,-55,471,1188,-27,618,1295,-458,462,1295,-411,590,1453,-733,478,1447,-690,588,1479,-833,476,1476,-794,584,1480,-825,482,1479,-773,581,1470,-747,486,1468,-702,590,878,-6,474,887,5,607,626,-33,454,639,-8,610,404,196,431,416,219,591,381,201,445,391,224,648,338,-79,397,344,-40,
536,1279,-192,546,1302,-145,554,1303,-145,562,1302,-145,525,1298,-137,519,1296,-137,513,1294,-137,574,1294,49,506,1286,92,556,1262,-124,528,1257,-112,626,1192,17,471,1186,62,649,1295,-342,438,1295,-258,609,1453,-577,457,1446,-490,610,1481,-673,458,1475,-590,603,1481,-663,470,1479,-568,599,1471,-590,473,1468,-501,589,878,-7,473,887,6,607,626,-33,453,639,-8,610,404,185,431,416,204,590,381,189,445,391,207,647,338,-90,397,344,-53,
532,1279,-178,543,1304,-127,551,1305,-127,559,1305,-127,522,1299,-120,515,1296,-120,509,1294,-120,571,1296,78,505,1287,116,552,1262,-107,524,1257,-96,626,1192,66,470,1186,106,672,1295,-197,414,1294,-122,632,1453,-366,432,1447,-272,632,1482,-456,439,1476,-367,625,1483,-455,451,1479,-348,621,1472,-382,451,1469,-284,589,879,-7,472,887,7,607,626,-38,453,638,-12,610,403,191,431,416,207,590,380,197,444,391,210,647,338,-85,398,343,-50,
529,1280,-213,541,1305,-166,549,1306,-166,557,1307,-166,519,1300,-159,512,1297,-159,506,1295,-159,570,1298,36,503,1288,79,549,1263,-143,521,1258,-133,625,1191,38,467,1185,96,691,1294,-125,389,1293,-66,656,1455,-214,410,1448,-190,654,1486,-290,418,1476,-281,648,1487,-295,430,1479,-258,645,1477,-230,430,1469,-199,589,879,-10,471,887,10,606,626,-37,453,638,-7,609,403,218,431,416,232,590,380,227,444,391,239,646,338,-62,398,343,-26,
526,1283,-319,538,1307,-270,546,1308,-270,554,1309,-270,516,1302,-259,509,1300,-259,504,1298,-259,567,1300,-57,502,1289,3,546,1266,-246,518,1261,-229,626,1191,6,465,1184,56,712,1294,-117,369,1293,-84,678,1458,-159,388,1448,-210,677,1491,-221,398,1476,-299,668,1492,-227,412,1479,-273,665,1482,-173,412,1469,-218,589,879,-12,471,887,12,606,626,-11,452,638,6,609,402,251,431,416,256,589,380,259,445,391,264,646,338,-32,398,342,-6,
523,1283,-258,535,1308,-208,544,1310,-208,552,1310,-208,513,1303,-192,507,1301,-192,502,1299,-192,567,1301,2,502,1291,75,544,1267,-186,516,1261,-164,627,1192,65,464,1184,141,728,1294,-25,356,1290,39,700,1458,-61,368,1448,-89,695,1492,-120,376,1476,-176,684,1494,-119,392,1479,-147,682,1483,-72,392,1468,-96,589,879,-16,471,887,16,606,626,-14,451,637,4,609,402,242,431,416,250,589,380,252,445,391,258,646,338,-32,398,342,-9,
522,1286,-230,534,1311,-181,543,1312,-181,551,1313,-181,511,1305,-165,506,1303,-165,501,1302,-164,566,1304,26,501,1293,103,543,1269,-159,514,1263,-136,629,1193,86,462,1185,176,740,1294,-1,343,1289,97,714,1458,-40,353,1448,-26,710,1494,-100,360,1476,-113,696,1494,-100,378,1478,-84,694,1484,-52,380,1468,-34,589,880,-20,471,887,20,605,626,-16,451,637,3,608,402,236,430,416,247,588,380,245,445,391,254,645,338,-36,398,342,-12,
521,1290,-238,534,1313,-181,542,1314,-181,550,1315,-181,511,1309,-167,505,1308,-167,500,1307,-167,566,1306,19,499,1298,81,542,1271,-160,513,1267,-140,629,1193,91,458,1187,153,750,1294,19,328,1286,76,727,1458,-32,336,1445,-53,726,1493,-91,341,1474,-140,713,1494,-91,360,1474,-112,709,1483,-44,362,1464,-61,589,880,-19,471,887,19,605,625,-10,450,637,3,608,402,253,430,416,252,588,380,263,445,391,260,645,338,-20,398,341,-8,
520,1291,-286,533,1314,-234,542,1315,-233,550,1316,-234,510,1311,-224,504,1310,-224,498,1309,-224,565,1307,-6,497,1300,41,541,1272,-204,511,1269,-190,630,1196,82,455,1190,126,761,1294,17,319,1285,50,742,1454,-59,324,1442,-92,743,1490,-120,328,1471,-180,730,1491,-121,346,1471,-154,725,1479,-72,349,1461,-101,589,880,-19,471,887,19,605,625,-8,449,637,2,607,402,253,429,416,250,587,380,262,444,391,257,644,338,-21,396,341,-10,
520,1295,-296,533,1317,-243,541,1318,-243,550,1318,-243,509,1315,-234,503,1313,-234,498,1313,-234,565,1308,-12,495,1304,32,540,1275,-215,510,1273,-202,630,1197,81,452,1191,127,768,1291,22,308,1283,63,755,1448,-60,310,1440,-82,757,1484,-120,316,1466,-169,742,1485,-122,334,1468,-142,737,1474,-74,337,1459,-91,590,880,-19,471,887,19,605,625,-6,449,637,2,607,402,255,429,416,248,587,380,265,444,391,256,644,339,-21,396,341,-13,
520,1296,-292,532,1318,-241,541,1318,-241,549,1319,-241,509,1315,-231,502,1314,-231,497,1313,-231,565,1309,-13,494,1305,33,540,1276,-213,510,1274,-198,631,1198,85,450,1192,148,775,1289,14,304,1281,98,763,1447,-82,301,1435,-52,766,1482,-145,307,1462,-138,752,1483,-144,323,1465,-113,747,1472,-95,326,1456,-62,590,881,-19,471,887,19,605,625,-10,449,637,-1,607,402,245,429,416,244,587,380,255,444,391,252,644,339,-30,396,342,-17,
520,1296,-288,533,1318,-238,541,1319,-238,549,1319,-238,509,1316,-228,503,1315,-228,497,1314,-228,565,1310,-10,493,1307,39,540,1277,-211,510,1274,-197,632,1201,96,449,1195,160,779,1287,28,299,1279,115,772,1446,-69,290,1431,-38,774,1480,-130,294,1459,-124,759,1482,-129,311,1463,-100,755,1471,-82,314,1454,-48,590,881,-19,471,887,19,605,625,-11,449,637,-2,607,402,243,429,416,240,587,380,253,444,391,248,644,339,-30,396,342,-20,
520,1298,-316,533,1320,-265,541,1320,-265,550,1320,-265,509,1319,-255,503,1318,-255,497,1317,-255,566,1311,-33,493,1309,14,540,1278,-236,510,1277,-222,634,1203,84,447,1197,145,784,1283,4,295,1275,79,787,1443,-97,280,1427,-78,786,1476,-159,285,1454,-165,771,1478,-159,303,1460,-141,767,1468,-111,305,1450,-89,590,881,-18,471,887,19,605,625,-7,448,637,-1,607,402,255,429,416,245,587,380,265,444,391,254,645,339,-19,395,342,-15,
520,1300,-306,533,1321,-257,541,1321,-257,550,1321,-257,509,1319,-247,503,1318,-247,497,1318,-247,566,1312,-31,493,1310,17,540,1279,-229,510,1277,-215,634,1203,90,444,1198,150,786,1281,31,293,1271,101,792,1442,-62,275,1423,-57,791,1473,-120,279,1452,-142,776,1476,-120,297,1457,-119,772,1466,-75,299,1446,-68,590,881,-18,470,887,19,605,625,-6,448,637,-1,607,402,255,429,417,246,587,380,265,444,392,254,645,339,-18,394,343,-15,
520,1302,-286,533,1323,-234,541,1323,-234,550,1323,-234,509,1321,-224,503,1320,-224,497,1319,-224,566,1313,-6,493,1310,43,540,1282,-208,510,1280,-194,634,1204,105,443,1199,168,788,1277,47,293,1267,125,794,1435,-44,273,1417,-34,794,1466,-100,276,1448,-118,780,1471,-99,292,1452,-96,776,1461,-56,294,1440,-45,590,881,-19,470,887,19,605,625,-10,447,637,-2,607,402,244,428,417,237,587,380,253,444,393,244,645,339,-29,392,344,-22,
520,1304,-280,533,1324,-228,541,1325,-228,550,1325,-228,510,1323,-218,503,1322,-218,497,1321,-218,566,1314,0,493,1312,49,540,1284,-202,510,1282,-188,635,1205,108,442,1200,171,793,1275,46,294,1261,132,797,1431,-50,269,1410,-32,797,1463,-107,269,1442,-116,783,1467,-105,285,1446,-95,779,1457,-61,289,1434,-43,590,882,-19,470,888,19,604,626,-11,447,638,-5,607,403,238,428,417,232,587,380,247,444,393,239,645,339,-33,392,345,-26,
520,1303,-258,533,1324,-208,541,1324,-208,550,1324,-208,510,1322,-197,503,1321,-197,497,1321,-196,566,1315,14,493,1312,68,540,1284,-181,510,1282,-166,635,1206,123,442,1201,188,794,1271,67,294,1254,150,800,1424,-22,267,1404,-9,799,1456,-75,267,1434,-90,785,1462,-72,283,1439,-67,782,1451,-33,286,1428,-19,590,882,-19,470,888,19,603,627,-18,446,638,-10,607,404,223,426,418,220,586,381,231,441,393,227,645,339,-43,392,345,-33,
520,1306,-235,533,1326,-184,541,1326,-184,550,1326,-184,510,1325,-173,503,1324,-173,497,1323,-173,566,1316,37,493,1313,90,540,1286,-160,510,1284,-145,635,1208,140,442,1202,204,793,1266,85,295,1250,162,804,1417,2,264,1401,3,802,1448,-48,264,1430,-76,787,1455,-44,280,1435,-52,784,1445,-8,283,1425,-5,590,883,-19,470,888,19,603,627,-19,446,638,-15,607,404,220,426,418,214,586,381,228,440,393,220,645,339,-46,391,345,-42,
520,1311,-242,533,1330,-191,541,1330,-191,549,1330,-191,510,1330,-180,503,1329,-180,498,1329,-180,566,1318,28,493,1317,82,539,1291,-166,510,1290,-151,635,1210,127,442,1202,195,793,1263,62,295,1247,159,805,1413,-33,262,1397,2,804,1444,-84,261,1424,-73,789,1452,-81,276,1428,-52,786,1441,-43,279,1419,-7,589,883,-19,470,889,19,603,628,-32,446,638,-28,606,404,214,425,418,200,586,382,223,440,394,207,645,339,-50,391,345,-58,
520,1312,-262,533,1331,-213,541,1331,-213,549,1331,-213,510,1330,-198,503,1330,-198,498,1330,-198,566,1319,2,493,1318,73,539,1291,-188,510,1290,-168,635,1210,114,442,1203,186,793,1261,58,295,1244,161,805,1409,-55,261,1393,10,804,1441,-93,260,1421,-64,789,1448,-90,274,1424,-44,786,1437,-64,278,1416,0,589,883,-19,470,889,20,603,628,-48,446,638,-29,606,405,215,425,418,205,586,382,225,440,395,212,645,339,-50,391,345,-55,
521,1312,-274,533,1332,-226,541,1332,-226,549,1331,-226,510,1331,-211,504,1331,-211,498,1330,-211,566,1320,-9,493,1318,60,539,1292,-200,510,1290,-181,635,1210,102,442,1203,183,793,1257,57,295,1242,146,806,1405,-64,260,1389,-8,804,1437,-95,258,1417,-85,788,1446,-90,272,1421,-64,786,1434,-72,276,1412,-18,589,883,-19,469,889,20,603,628,-46,446,638,-28,606,405,222,425,418,207,586,382,235,440,395,216,644,340,-42,391,345,-54,
521,1312,-294,533,1331,-248,541,1331,-248,549,1331,-248,510,1331,-232,504,1330,-232,498,1330,-232,566,1320,-32,493,1318,41,539,1291,-220,510,1289,-199,635,1210,81,442,1203,180,793,1255,15,295,1240,145,805,1402,-108,259,1388,-8,803,1434,-156,257,1416,-84,788,1444,-151,271,1420,-64,785,1432,-118,275,1412,-18,589,883,-20,469,889,21,603,628,-54,446,638,-27,606,405,223,425,419,210,587,383,235,439,397,221,644,340,-42,391,345,-49,
521,1312,-297,533,1332,-250,541,1332,-250,549,1332,-250,510,1332,-234,504,1331,-234,498,1330,-234,566,1320,-34,493,1318,40,539,1292,-223,510,1290,-202,635,1210,73,443,1203,178,793,1253,-2,296,1240,153,803,1400,-125,258,1388,5,802,1431,-176,257,1414,-68,787,1440,-173,270,1417,-48,784,1428,-135,274,1410,-4,589,883,-21,469,889,22,602,628,-57,446,638,-26,606,406,224,425,419,220,587,383,237,439,398,231,643,340,-41,391,345,-40,
521,1317,-294,533,1336,-246,541,1336,-246,549,1335,-246,511,1336,-231,504,1335,-231,498,1334,-231,566,1322,-32,493,1321,41,540,1296,-222,510,1294,-201,635,1210,74,443,1204,173,794,1249,-1,296,1239,138,803,1395,-117,259,1386,-19,802,1426,-171,257,1411,-93,787,1435,-169,272,1415,-73,784,1423,-128,275,1408,-29,589,883,-20,469,889,20,602,628,-54,445,638,-27,606,406,238,424,419,224,587,383,253,439,399,235,643,340,-24,391,345,-36,
521,1319,-292,533,1338,-243,541,1338,-243,549,1337,-243,511,1338,-229,505,1337,-229,499,1336,-229,566,1323,-29,493,1322,42,540,1298,-219,510,1297,-198,635,1210,76,443,1204,166,794,1246,0,296,1237,125,803,1391,-113,259,1385,-36,803,1422,-166,258,1410,-111,788,1430,-164,273,1414,-90,784,1418,-124,276,1407,-45,589,883,-17,469,889,17,602,628,-48,445,639,-30,606,406,249,424,420,225,586,383,263,439,399,236,643,340,-14,390,345,-36,
521,1318,-290,533,1337,-241,541,1337,-241,549,1337,-241,511,1337,-227,505,1336,-227,499,1336,-227,566,1323,-25,493,1322,42,540,1297,-216,510,1296,-196,635,1210,82,443,1204,166,793,1243,5,296,1236,130,803,1387,-118,260,1384,-27,804,1419,-170,258,1409,-101,789,1427,-169,273,1413,-80,785,1414,-129,277,1406,-36,589,883,-17,468,889,17,602,627,-47,445,639,-35,606,406,242,424,420,213,586,383,257,439,399,223,643,340,-19,390,345,-49,
521,1318,-289,533,1337,-241,541,1337,-241,549,1337,-241,511,1336,-227,505,1336,-227,499,1335,-227,566,1324,-23,493,1322,40,540,1297,-215,510,1295,-196,635,1210,82,443,1205,164,793,1240,6,296,1235,130,804,1385,-131,259,1382,-27,807,1417,-184,258,1408,-101,792,1425,-184,273,1413,-80,787,1413,-143,277,1406,-36,589,883,-16,468,889,16,602,627,-47,445,639,-36,606,406,238,424,420,210,586,383,251,439,399,220,643,341,-24,390,346,-52,
521,1318,-294,533,1337,-247,541,1337,-247,549,1336,-247,511,1336,-234,505,1336,-234,499,1335,-234,566,1324,-29,493,1322,32,540,1297,-219,510,1295,-201,635,1210,82,443,1205,159,793,1239,0,295,1235,130,805,1384,-157,259,1382,-27,808,1416,-211,258,1408,-102,793,1424,-210,272,1412,-81,788,1412,-169,276,1405,-36,589,883,-16,468,889,17,602,627,-46,445,640,-35,606,406,228,424,420,207,587,383,240,439,399,215,643,341,-36,390,346,-54,
521,1316,-298,533,1336,-251,541,1336,-251,549,1336,-251,511,1336,-237,505,1335,-237,499,1335,-237,566,1324,-33,493,1322,32,540,1296,-223,510,1294,-204,635,1210,81,442,1205,162,793,1239,-2,295,1235,146,806,1384,-161,257,1382,-8,809,1417,-216,257,1408,-81,794,1425,-216,271,1412,-61,789,1412,-173,275,1405,-17,589,883,-18,468,889,18,602,627,-50,445,640,-34,606,406,225,424,420,208,587,384,237,439,399,216,643,341,-42,390,346,-54,
521,1312,-299,533,1334,-253,541,1334,-253,549,1335,-253,511,1333,-238,505,1333,-238,499,1332,-237,566,1323,-36,493,1321,33,539,1292,-223,510,1290,-203,635,1210,81,442,1205,172,794,1239,-2,294,1235,169,807,1385,-159,257,1382,21,810,1417,-214,256,1408,-51,795,1425,-214,271,1413,-30,790,1413,-171,274,1405,11,589,883,-21,468,889,21,602,628,-58,444,640,-34,606,406,215,424,420,208,587,384,227,439,399,217,643,341,-52,390,346,-54,
521,1310,-309,533,1333,-263,541,1333,-263,549,1334,-263,511,1332,-248,505,1332,-248,499,1331,-248,566,1323,-43,493,1321,28,539,1290,-232,510,1288,-212,635,1210,80,442,1206,170,794,1240,-3,294,1235,160,808,1385,-165,257,1383,10,810,1417,-222,256,1408,-63,796,1424,-223,271,1413,-40,791,1412,-178,274,1405,1,589,883,-21,468,889,21,602,627,-59,444,640,-34,606,406,215,424,420,209,587,384,227,439,399,217,643,341,-55,389,346,-54,
521,1309,-318,533,1332,-272,541,1333,-272,549,1333,-272,511,1331,-257,505,1331,-258,499,1331,-257,566,1323,-49,493,1321,19,539,1289,-240,510,1288,-220,635,1210,78,442,1206,163,795,1240,-3,294,1236,155,808,1385,-165,257,1383,-5,811,1416,-222,256,1409,-82,796,1424,-222,271,1413,-62,791,1411,-177,274,1406,-16,589,883,-21,468,889,22,601,627,-60,444,640,-33,606,406,216,424,420,210,587,384,228,439,399,219,643,341,-54,389,347,-53,
521,1308,-316,533,1332,-269,541,1332,-269,549,1333,-270,511,1331,-255,505,1331,-256,499,1331,-255,566,1322,-46,493,1321,21,539,1288,-238,510,1287,-219,635,1209,78,442,1206,163,795,1240,-3,293,1236,153,809,1385,-162,256,1384,-9,811,1416,-219,256,1409,-87,797,1423,-219,270,1414,-68,792,1411,-174,274,1406,-20,589,883,-21,468,889,22,601,627,-60,444,640,-35,606,406,226,424,420,214,587,384,240,439,399,224,643,341,-43,389,347,-51,
521,1308,-317,533,1332,-270,541,1332,-270,549,1332,-270,512,1331,-256,505,1331,-256,499,1331,-256,566,1322,-46,493,1321,20,539,1288,-239,510,1287,-220,635,1209,78,443,1207,162,795,1239,-3,293,1237,153,809,1385,-161,256,1384,-12,811,1416,-218,255,1410,-90,797,1423,-217,270,1414,-71,792,1411,-173,274,1407,-23,589,883,-21,468,889,21,601,627,-60,444,640,-35,606,406,227,423,420,216,587,384,241,439,399,226,643,341,-42,389,347,-51,
521,1305,-325,533,1329,-279,541,1330,-279,549,1330,-280,512,1328,-264,505,1328,-264,499,1328,-264,566,1321,-56,493,1320,16,539,1285,-247,510,1285,-226,635,1209,73,443,1207,161,796,1239,-10,293,1238,151,809,1385,-174,256,1385,-8,811,1416,-231,256,1411,-86,797,1422,-231,270,1415,-65,792,1410,-186,274,1408,-19,589,883,-22,468,889,22,601,627,-66,444,640,-35,606,407,224,423,420,215,587,384,239,438,399,224,643,341,-47,389,347,-53,
521,1303,-325,533,1327,-281,541,1328,-280,550,1328,-281,512,1326,-265,505,1326,-265,499,1326,-265,566,1320,-59,493,1319,15,539,1284,-247,510,1283,-226,636,1209,71,443,1207,160,796,1239,-15,293,1240,150,809,1383,-181,257,1387,-7,811,1415,-239,256,1413,-85,797,1421,-238,271,1418,-63,792,1409,-193,275,1410,-17,589,883,-22,468,889,22,601,627,-70,444,640,-36,606,407,220,423,421,213,587,384,234,438,399,222,643,341,-53,389,347,-55,
521,1301,-325,533,1326,-280,541,1326,-280,550,1327,-280,512,1325,-265,505,1325,-265,499,1325,-265,567,1319,-60,493,1319,14,539,1282,-247,510,1281,-226,636,1209,69,443,1207,159,796,1239,-15,293,1240,150,809,1383,-178,258,1388,-8,811,1415,-236,257,1414,-85,797,1421,-235,272,1419,-63,792,1409,-190,276,1410,-18,589,883,-22,468,889,22,601,627,-72,444,640,-36,606,407,216,422,421,212,587,384,230,436,400,221,642,341,-55,389,347,-55,
522,1301,-323,533,1326,-278,542,1326,-278,550,1327,-278,512,1325,-263,506,1325,-263,500,1325,-263,567,1319,-58,493,1319,15,540,1282,-246,511,1281,-225,636,1209,70,444,1207,158,797,1238,-15,293,1240,149,809,1383,-175,259,1388,-8,811,1415,-232,258,1415,-85,797,1421,-231,273,1420,-63,792,1409,-187,277,1411,-18,589,884,-22,468,889,22,601,627,-71,444,640,-36,606,407,216,421,422,212,587,384,230,435,400,221,642,341,-55,389,347,-55,
522,1302,-322,534,1326,-278,542,1326,-278,550,1327,-278,513,1325,-262,506,1325,-262,500,1326,-262,567,1319,-52,493,1319,15,540,1282,-246,511,1282,-224,636,1209,79,444,1207,159,797,1238,1,293,1241,146,809,1383,-158,259,1389,-16,812,1415,-216,258,1416,-95,797,1421,-217,273,1420,-74,792,1409,-171,277,1411,-26,589,884,-20,468,889,20,601,627,-65,444,640,-37,606,407,226,420,422,212,587,384,239,434,400,221,642,341,-48,389,347,-55,
523,1302,-318,534,1326,-271,542,1327,-271,551,1327,-271,513,1326,-258,507,1326,-258,501,1326,-257,567,1319,-42,494,1319,18,541,1283,-240,512,1282,-221,636,1209,87,444,1207,158,797,1237,10,294,1241,140,809,1383,-148,260,1389,-25,812,1415,-206,258,1416,-105,797,1421,-207,273,1420,-84,792,1409,-161,277,1411,-35,589,884,-18,468,889,18,601,627,-61,444,640,-39,606,407,229,420,422,211,587,384,243,434,400,221,642,341,-41,389,347,-56,
523,1302,-315,534,1326,-268,542,1327,-268,551,1327,-268,514,1326,-255,507,1326,-255,501,1326,-255,567,1319,-38,494,1319,21,541,1283,-236,512,1282,-219,636,1209,90,444,1207,159,797,1237,13,294,1242,140,809,1383,-147,260,1389,-25,812,1415,-204,258,1416,-104,798,1421,-206,274,1420,-83,793,1409,-160,278,1411,-35,589,884,-17,468,889,17,601,627,-60,443,640,-41,606,407,229,420,422,209,587,384,243,434,400,218,643,341,-42,389,347,-59,
523,1303,-310,535,1327,-262,543,1327,-262,551,1327,-262,514,1326,-250,507,1326,-250,501,1326,-249,567,1319,-32,494,1319,24,541,1284,-231,512,1283,-214,636,1209,94,444,1207,159,797,1236,15,294,1242,139,810,1383,-147,260,1389,-26,813,1415,-204,258,1416,-105,798,1421,-206,274,1421,-85,793,1409,-160,278,1412,-36,589,885,-16,468,889,16,602,628,-56,443,640,-43,606,408,229,420,422,206,586,385,243,434,400,214,643,341,-40,388,347,-62,
524,1304,-304,535,1327,-255,543,1327,-255,551,1328,-255,514,1327,-243,508,1327,-243,501,1327,-243,567,1319,-24,494,1319,30,541,1284,-224,512,1284,-209,635,1209,102,444,1207,160,797,1236,23,293,1242,138,810,1383,-142,260,1389,-28,813,1415,-199,258,1416,-108,798,1421,-201,274,1421,-88,793,1409,-155,278,1412,-39,589,885,-14,468,889,14,602,628,-53,443,640,-45,605,408,231,420,422,204,586,385,244,434,400,213,643,341,-37,388,347,-64,
524,1304,-296,535,1327,-246,543,1328,-246,551,1328,-246,514,1327,-234,508,1327,-234,501,1327,-234,567,1319,-15,494,1319,38,542,1285,-216,512,1284,-201,635,1209,110,444,1207,163,797,1236,34,293,1243,138,810,1382,-124,260,1389,-28,813,1415,-180,258,1416,-108,799,1421,-183,274,1421,-88,793,1409,-138,278,1412,-39,589,885,-12,468,890,12,602,629,-48,443,640,-48,605,408,231,420,421,198,586,385,244,434,400,207,643,341,-35,388,346,-70,
524,1304,-297,535,1327,-247,543,1328,-247,551,1328,-247,514,1327,-236,508,1327,-236,501,1327,-235,567,1319,-16,494,1319,37,542,1285,-217,512,1284,-201,635,1209,110,444,1207,163,797,1236,37,293,1243,134,810,1382,-119,260,1389,-34,813,1414,-176,259,1417,-114,799,1421,-178,274,1421,-94,794,1409,-133,278,1412,-44,589,886,-11,468,890,12,602,629,-48,443,640,-47,605,408,231,420,421,199,586,385,244,434,400,207,644,340,-36,389,346,-69,
524,1304,-297,535,1327,-248,543,1327,-248,552,1328,-248,514,1327,-237,508,1327,-237,501,1327,-236,567,1319,-17,494,1319,36,542,1284,-217,512,1284,-202,635,1208,111,443,1207,163,797,1236,40,293,1244,131,810,1382,-112,261,1390,-37,814,1414,-169,260,1418,-117,800,1421,-171,275,1423,-96,794,1409,-125,279,1413,-46,589,886,-11,468,890,12,602,629,-48,443,641,-47,605,408,234,420,421,202,585,385,248,435,400,212,644,340,-33,389,346,-65,
524,1303,-298,535,1327,-249,543,1327,-249,552,1327,-249,514,1326,-237,508,1326,-237,501,1326,-237,567,1319,-19,494,1318,36,542,1284,-218,512,1283,-202,635,1208,109,444,1207,162,797,1236,38,293,1245,128,811,1382,-114,261,1391,-39,815,1414,-171,261,1419,-120,800,1421,-173,277,1423,-98,795,1409,-128,280,1414,-49,589,886,-11,468,890,12,602,630,-49,443,641,-46,605,408,234,420,421,204,585,386,247,435,400,213,644,340,-34,389,346,-62,
524,1302,-298,535,1326,-249,543,1326,-249,552,1327,-250,514,1325,-238,507,1325,-238,501,1325,-237,567,1318,-20,494,1318,36,542,1283,-218,512,1282,-202,635,1208,109,444,1207,162,797,1236,37,293,1247,128,811,1382,-116,262,1392,-36,815,1414,-173,262,1420,-116,801,1421,-174,278,1425,-94,795,1409,-129,281,1415,-46,589,886,-13,468,890,13,602,630,-50,443,641,-42,605,409,229,420,421,204,585,386,241,435,400,214,644,340,-39,389,347,-59,
523,1301,-295,535,1325,-249,543,1325,-249,552,1325,-249,514,1324,-236,507,1323,-236,501,1323,-236,567,1318,-22,493,1316,37,541,1282,-217,511,1280,-199,635,1208,108,444,1207,165,797,1236,36,292,1248,139,811,1382,-119,262,1393,-19,815,1414,-175,264,1421,-95,801,1421,-175,280,1426,-74,795,1409,-132,283,1416,-28,589,886,-16,468,890,16,602,630,-52,443,641,-37,605,409,198,420,421,197,585,386,208,436,400,204,645,340,-71,389,347,-63,
523,1300,-286,535,1323,-241,543,1324,-240,552,1324,-241,514,1322,-227,507,1322,-227,500,1322,-227,567,1317,-17,493,1315,45,541,1281,-207,511,1278,-189,635,1208,113,444,1207,175,797,1236,40,292,1249,153,811,1382,-110,263,1394,-3,815,1415,-165,265,1422,-79,801,1421,-165,281,1427,-58,795,1409,-122,284,1416,-13,589,886,-17,468,890,17,602,631,-53,443,641,-36,605,409,189,421,421,191,585,386,198,436,400,197,645,340,-81,389,347,-69,
524,1300,-278,536,1323,-231,544,1324,-231,552,1324,-231,514,1322,-219,507,1322,-219,501,1321,-219,567,1317,-6,493,1314,49,542,1280,-199,512,1278,-183,635,1208,119,444,1207,176,797,1237,50,292,1250,151,811,1383,-88,263,1395,-6,815,1416,-142,266,1423,-83,801,1423,-141,282,1428,-62,795,1410,-99,284,1417,-16,589,886,-17,468,890,18,602,630,-51,443,641,-35,605,409,195,421,422,192,585,386,205,436,400,199,645,340,-75,389,347,-68,
