530,1308,-644,541,1329,-606,549,1329,-606,555,1329,-606,521,1327,-604,514,1325,-604,507,1324,-604,567,1320,-368,498,1315,-357,546,1289,-556,520,1285,-552,641,1203,-220,438,1206,-207,803,1198,-212,276,1226,-196,938,1210,-448,130,1235,-426,982,1210,-507,82,1232,-485,986,1217,-582,78,1235,-555,973,1215,-495,93,1233,-471,594,881,-1,470,886,1,614,621,-12,447,630,-1,616,408,304,418,415,277,594,386,317,437,391,286,648,340,27,384,339,5,
530,1307,-597,540,1327,-561,548,1328,-561,555,1328,-561,520,1326,-555,513,1325,-555,507,1323,-555,567,1319,-331,498,1315,-303,546,1288,-513,519,1285,-504,641,1203,-202,438,1205,-153,803,1200,-211,276,1225,-125,938,1210,-445,131,1235,-346,982,1210,-502,85,1231,-401,987,1217,-582,82,1235,-477,973,1215,-493,97,1233,-393,594,881,-2,470,886,2,613,624,-16,446,632,-3,617,408,292,417,416,256,595,387,304,433,392,262,648,343,19,383,340,-19,
529,1304,-607,540,1325,-571,547,1325,-571,554,1326,-571,520,1323,-565,513,1323,-565,506,1322,-565,567,1317,-339,498,1314,-311,545,1285,-521,518,1282,-512,641,1203,-204,438,1204,-153,804,1201,-229,277,1225,-121,939,1212,-460,131,1235,-345,985,1211,-515,85,1232,-398,990,1218,-601,82,1235,-476,973,1217,-509,97,1233,-392,595,881,-8,470,885,8,613,624,-28,446,633,-2,617,408,265,417,416,249,598,387,276,431,393,253,647,343,-13,382,341,-33,
528,1294,-672,540,1317,-640,547,1318,-640,554,1319,-640,519,1315,-634,512,1315,-634,506,1314,-634,567,1314,-397,498,1310,-371,545,1276,-578,517,1274,-570,641,1203,-230,438,1204,-181,803,1201,-236,280,1225,-140,940,1213,-469,132,1235,-366,987,1212,-522,86,1232,-422,992,1219,-614,82,1235,-496,974,1217,-519,98,1233,-412,595,882,-8,470,886,8,613,625,-32,446,635,-9,617,409,267,417,416,238,599,387,279,431,394,243,648,345,-11,382,343,-50,
528,1290,-663,539,1314,-630,547,1316,-630,554,1317,-630,519,1312,-624,512,1312,-624,505,1312,-624,566,1312,-390,498,1309,-366,544,1273,-571,517,1271,-564,641,1203,-229,438,1204,-180,803,1202,-233,280,1225,-134,942,1214,-466,133,1236,-355,990,1214,-522,86,1232,-407,995,1220,-609,82,1236,-486,978,1218,-516,99,1234,-402,595,882,-8,470,886,8,612,626,-31,446,638,-10,617,410,253,417,416,227,599,388,263,430,395,231,648,347,-26,382,345,-60,
527,1291,-656,539,1314,-624,546,1316,-624,554,1317,-624,518,1312,-617,512,1312,-617,505,1312,-617,566,1312,-380,498,1308,-351,544,1273,-563,516,1270,-555,641,1203,-220,438,1204,-173,802,1203,-232,280,1225,-131,942,1215,-463,133,1236,-352,991,1215,-515,87,1232,-404,996,1221,-608,84,1235,-483,978,1218,-514,100,1233,-399,595,882,-8,470,885,8,612,626,-30,446,637,-10,617,411,261,416,416,232,600,388,272,430,395,236,648,347,-17,382,345,-53,
526,1292,-617,538,1315,-583,545,1316,-583,553,1318,-583,517,1312,-573,511,1312,-573,504,1312,-573,566,1312,-349,497,1308,-308,544,1273,-530,516,1271,-517,641,1203,-213,438,1204,-137,800,1203,-231,281,1225,-87,942,1215,-463,135,1236,-302,991,1216,-513,90,1232,-350,996,1221,-606,87,1235,-429,978,1219,-514,104,1233,-349,595,881,-12,470,885,12,612,626,-34,446,637,0,617,411,255,416,416,234,600,388,265,430,395,238,648,347,-22,382,345,-50,
526,1293,-614,538,1316,-579,545,1318,-579,553,1319,-579,517,1313,-571,511,1313,-571,504,1312,-570,566,1312,-344,497,1308,-306,544,1274,-527,516,1272,-515,641,1203,-211,438,1204,-131,800,1203,-230,283,1225,-62,942,1216,-463,139,1236,-251,991,1216,-514,93,1232,-294,996,1221,-605,92,1235,-373,978,1219,-513,109,1233,-297,595,881,-16,470,884,16,612,626,-35,446,637,6,617,411,258,416,416,257,600,389,269,430,395,261,648,347,-22,381,346,-29,
526,1299,-572,537,1321,-537,544,1322,-537,552,1323,-537,517,1318,-528,510,1317,-528,504,1317,-528,566,1314,-310,497,1310,-268,544,1279,-488,515,1278,-476,641,1203,-188,438,1204,-107,799,1203,-216,285,1224,-41,942,1216,-450,144,1236,-222,991,1216,-499,97,1232,-265,996,1221,-588,96,1235,-341,977,1219,-499,113,1233,-267,595,881,-17,470,884,17,612,628,-35,446,637,7,617,412,255,416,416,257,600,389,265,430,395,261,648,346,-22,380,347,-27,
525,1303,-563,537,1324,-527,544,1325,-527,552,1325,-527,517,1321,-519,510,1321,-519,504,1320,-518,565,1315,-300,497,1312,-260,543,1283,-479,515,1282,-467,641,1204,-181,438,1204,-99,798,1204,-211,286,1224,-37,941,1216,-444,147,1236,-223,990,1216,-494,100,1232,-266,995,1221,-580,99,1235,-343,977,1219,-492,116,1233,-268,595,881,-19,470,884,19,612,629,-34,446,638,10,617,412,247,417,418,257,599,389,255,430,396,261,648,346,-30,380,347,-23,
525,1304,-567,536,1325,-532,544,1326,-532,551,1326,-532,516,1322,-523,510,1322,-523,504,1321,-523,565,1316,-304,497,1312,-264,543,1284,-483,515,1284,-471,641,1204,-185,438,1204,-102,797,1204,-212,286,1224,-48,940,1216,-445,147,1236,-246,990,1216,-496,100,1232,-290,995,1221,-581,98,1235,-368,975,1218,-493,115,1233,-291,595,881,-20,470,884,20,611,630,-34,447,638,16,616,412,241,417,418,258,595,388,249,431,396,262,648,345,-35,380,348,-19,
525,1305,-571,536,1326,-535,543,1326,-536,551,1327,-536,516,1323,-527,510,1322,-527,504,1322,-527,565,1317,-307,497,1313,-267,543,1285,-486,514,1285,-474,641,1204,-187,438,1204,-105,797,1204,-212,286,1224,-59,940,1216,-445,147,1236,-264,990,1216,-496,99,1232,-311,994,1221,-582,97,1235,-388,975,1218,-493,114,1233,-310,595,881,-20,470,884,20,611,630,-33,447,638,15,615,411,239,418,418,258,594,387,248,433,396,262,648,342,-37,380,348,-19,
525,1306,-566,536,1326,-531,543,1327,-531,551,1327,-531,516,1324,-522,510,1323,-522,504,1322,-522,564,1317,-304,497,1313,-263,543,1285,-482,514,1285,-470,641,1204,-186,438,1204,-102,797,1204,-213,283,1224,-62,939,1216,-446,145,1236,-271,989,1216,-497,98,1232,-318,994,1221,-582,96,1235,-396,974,1218,-493,113,1233,-317,595,881,-22,470,884,22,610,629,-37,447,637,17,615,411,234,419,417,258,594,387,242,434,396,262,647,339,-43,381,347,-19,
525,1306,-564,536,1326,-530,543,1327,-530,551,1328,-530,516,1324,-521,510,1323,-521,504,1323,-521,564,1317,-303,497,1313,-262,543,1286,-480,514,1285,-468,641,1205,-183,437,1205,-102,796,1204,-212,282,1224,-62,939,1216,-444,145,1236,-272,989,1216,-495,98,1232,-319,994,1221,-580,95,1235,-398,974,1218,-491,113,1233,-319,595,881,-22,470,884,22,610,628,-37,447,637,16,614,411,230,419,417,251,593,386,238,435,395,254,646,337,-45,381,346,-26,
525,1307,-562,535,1327,-528,543,1328,-528,550,1329,-528,516,1325,-518,510,1324,-518,504,1323,-518,564,1318,-303,497,1314,-259,543,1286,-479,514,1286,-465,641,1205,-182,437,1205,-101,797,1204,-212,282,1224,-59,940,1216,-444,145,1236,-265,989,1216,-495,97,1232,-311,994,1221,-580,95,1235,-390,975,1218,-491,113,1233,-312,595,881,-21,470,884,21,609,627,-31,448,636,16,613,410,229,420,417,244,592,386,236,436,395,246,646,336,-46,381,345,-32,
525,1308,-565,535,1328,-531,543,1329,-531,550,1329,-531,516,1326,-521,509,1325,-521,503,1324,-521,564,1318,-305,496,1314,-262,543,1287,-481,513,1287,-468,641,1205,-183,437,1205,-104,797,1204,-213,282,1224,-61,940,1216,-443,145,1236,-267,990,1216,-494,97,1232,-313,994,1221,-579,94,1235,-391,975,1218,-491,112,1233,-314,595,881,-21,470,884,21,608,627,-27,448,636,15,612,410,229,420,417,240,591,386,236,437,395,242,646,336,-46,382,345,-36,
524,1308,-574,535,1328,-540,542,1329,-540,550,1329,-540,515,1326,-531,509,1325,-531,503,1324,-531,564,1318,-312,496,1314,-273,543,1287,-489,513,1287,-477,641,1205,-184,437,1205,-117,797,1203,-213,282,1224,-78,940,1215,-443,145,1236,-283,990,1216,-494,97,1232,-330,994,1221,-579,94,1235,-408,975,1218,-491,112,1233,-329,595,881,-18,470,884,18,608,627,-21,448,636,13,611,410,230,421,417,239,589,385,238,439,394,241,646,336,-44,382,344,-38,
524,1309,-571,535,1329,-537,542,1330,-537,550,1330,-537,515,1327,-527,509,1325,-527,503,1325,-527,564,1318,-309,496,1314,-267,543,1288,-486,512,1287,-474,641,1205,-177,437,1205,-114,797,1203,-205,282,1223,-77,941,1215,-436,144,1236,-283,991,1216,-486,97,1232,-331,995,1221,-573,94,1235,-408,976,1218,-484,112,1233,-329,595,880,-15,470,883,15,608,627,-15,448,636,11,610,410,236,421,416,238,587,385,244,440,394,241,646,335,-36,382,344,-39,
524,1309,-579,534,1329,-545,542,1330,-545,549,1330,-545,514,1327,-536,508,1326,-536,502,1325,-535,564,1318,-315,496,1314,-272,542,1288,-494,512,1288,-481,641,1205,-177,437,1205,-118,797,1202,-206,281,1223,-84,941,1212,-437,140,1235,-300,990,1212,-488,93,1231,-350,995,1218,-576,89,1234,-431,975,1216,-486,107,1232,-347,595,880,-15,470,883,15,608,626,-16,448,636,10,609,410,237,422,416,239,586,384,244,442,393,242,646,335,-37,382,343,-39,
524,1310,-610,534,1330,-576,542,1330,-576,549,1331,-576,514,1328,-568,508,1326,-568,502,1325,-568,564,1319,-343,495,1314,-305,542,1289,-523,512,1288,-512,641,1204,-198,437,1205,-145,798,1201,-219,279,1221,-117,941,1206,-449,133,1231,-338,990,1204,-500,86,1226,-389,995,1211,-589,82,1229,-473,975,1209,-497,99,1228,-387,595,880,-14,470,883,14,608,626,-14,448,636,11,609,409,239,422,416,245,585,383,246,443,392,249,646,335,-37,382,343,-34,
523,1310,-638,534,1330,-605,542,1331,-605,549,1331,-605,514,1328,-596,508,1327,-596,502,1326,-596,564,1319,-369,495,1315,-330,542,1289,-549,512,1288,-537,641,1204,-216,437,1205,-156,798,1200,-229,281,1216,-113,942,1195,-456,134,1218,-330,991,1195,-507,87,1214,-380,995,1201,-597,82,1216,-462,976,1199,-505,100,1215,-378,595,880,-13,470,883,13,607,626,-14,448,636,11,609,409,246,422,416,248,585,383,254,444,392,252,646,334,-31,382,343,-33,
523,1311,-642,534,1330,-609,542,1331,-609,549,1331,-610,514,1328,-600,508,1327,-600,501,1326,-600,563,1319,-374,495,1315,-333,542,1289,-554,512,1288,-541,641,1204,-223,437,1204,-155,799,1199,-235,278,1213,-112,942,1190,-462,131,1210,-334,991,1188,-515,84,1204,-384,995,1193,-604,80,1205,-468,976,1192,-510,98,1205,-382,595,880,-14,470,883,14,607,625,-17,448,635,16,608,409,243,423,415,256,585,383,251,444,391,260,646,334,-34,382,343,-23,
523,1311,-633,534,1330,-600,541,1331,-600,549,1331,-601,514,1328,-591,507,1327,-591,501,1326,-590,563,1319,-367,495,1315,-324,542,1289,-546,511,1288,-533,641,1204,-221,436,1203,-153,799,1199,-235,278,1211,-92,942,1187,-461,132,1205,-309,991,1185,-514,84,1197,-356,995,1189,-602,80,1199,-442,976,1189,-509,99,1200,-358,595,880,-17,470,883,17,607,625,-17,448,635,22,608,409,241,423,415,261,585,383,248,445,391,265,646,334,-35,382,343,-15,
523,1310,-628,534,1330,-595,541,1330,-595,549,1331,-595,514,1328,-586,507,1327,-586,501,1326,-586,563,1319,-362,495,1315,-321,542,1289,-541,512,1288,-528,640,1204,-220,436,1203,-152,797,1199,-234,278,1211,-86,940,1188,-460,132,1205,-298,988,1184,-513,84,1198,-341,993,1189,-602,81,1199,-427,973,1189,-508,99,1200,-346,595,880,-19,470,883,19,607,625,-19,448,635,25,608,409,238,424,415,263,585,383,245,445,391,267,646,334,-38,382,343,-13,
523,1311,-642,534,1330,-609,541,1330,-609,549,1331,-609,514,1328,-602,507,1327,-602,501,1326,-602,562,1319,-376,495,1315,-344,542,1289,-555,512,1288,-545,639,1204,-237,436,1203,-170,797,1202,-260,276,1213,-137,941,1198,-481,128,1207,-349,990,1191,-533,80,1198,-393,995,1196,-619,75,1200,-481,977,1196,-528,93,1201,-399,595,880,-21,470,883,21,607,625,-19,448,635,38,609,409,230,424,415,268,585,383,235,445,391,270,646,334,-49,382,343,-7,
523,1311,-646,533,1330,-613,540,1331,-613,548,1331,-614,513,1328,-606,507,1327,-606,501,1326,-605,561,1319,-383,494,1315,-347,541,1290,-559,511,1289,-548,638,1206,-251,436,1203,-166,797,1213,-281,274,1223,-126,942,1217,-507,126,1227,-337,991,1216,-558,77,1225,-386,995,1218,-644,72,1228,-469,978,1216,-555,89,1226,-386,595,880,-28,470,883,28,607,625,-22,448,635,50,609,409,214,425,415,277,586,383,218,446,391,278,646,334,-75,382,344,1,
522,1311,-674,532,1330,-641,539,1331,-641,547,1331,-641,513,1328,-633,506,1327,-633,500,1326,-633,560,1319,-411,494,1315,-370,540,1290,-586,511,1289,-574,638,1207,-277,435,1203,-185,797,1226,-312,274,1236,-141,943,1238,-537,126,1255,-341,992,1242,-588,77,1253,-385,997,1246,-673,72,1257,-469,981,1241,-585,89,1254,-390,594,880,-32,470,883,32,607,626,-31,447,635,54,609,409,204,426,415,280,588,383,208,447,391,282,646,334,-89,382,344,4,
522,1311,-660,531,1330,-628,538,1331,-628,545,1331,-628,512,1328,-620,506,1327,-620,500,1326,-620,559,1319,-397,494,1315,-360,539,1290,-573,510,1289,-561,636,1209,-263,435,1205,-181,793,1235,-303,277,1248,-113,940,1261,-538,127,1280,-277,990,1267,-591,78,1283,-315,996,1273,-675,73,1286,-396,979,1269,-587,90,1284,-323,594,880,-36,470,883,36,607,627,-45,447,636,51,609,409,197,427,415,280,588,383,201,447,391,282,645,333,-97,382,344,3,
520,1311,-604,530,1330,-568,536,1331,-568,543,1331,-568,511,1328,-559,505,1327,-559,500,1326,-559,557,1319,-343,494,1315,-301,537,1290,-521,510,1289,-509,634,1210,-238,435,1206,-146,787,1244,-290,279,1260,-91,934,1285,-521,134,1303,-240,983,1296,-574,87,1311,-279,990,1301,-659,82,1313,-352,972,1296,-570,98,1308,-284,594,881,-35,470,883,35,607,628,-48,447,636,49,609,409,196,427,415,272,589,383,201,447,391,274,645,333,-94,382,344,-4,
519,1313,-512,528,1332,-473,535,1332,-474,542,1332,-474,510,1329,-463,504,1328,-463,499,1327,-463,556,1320,-258,493,1315,-209,536,1292,-435,508,1291,-420,633,1211,-176,435,1208,-77,784,1258,-258,280,1275,-11,930,1316,-488,140,1327,-100,978,1326,-539,94,1336,-133,985,1330,-616,90,1339,-195,967,1325,-536,106,1334,-140,594,881,-34,470,883,34,607,630,-50,447,637,34,609,409,195,427,416,253,589,383,201,447,392,256,645,333,-90,383,344,-19,
516,1314,-508,527,1332,-468,533,1333,-468,541,1333,-468,508,1330,-457,502,1329,-457,497,1327,-457,555,1320,-250,492,1315,-201,534,1293,-431,506,1292,-417,631,1211,-172,435,1209,-74,781,1268,-256,284,1286,-10,924,1339,-484,145,1351,-89,972,1353,-535,100,1363,-123,979,1357,-610,96,1369,-180,962,1352,-531,111,1363,-127,593,882,-34,469,883,34,606,630,-51,447,637,19,609,409,197,427,416,248,589,383,202,446,392,251,645,333,-88,383,343,-27,
514,1315,-491,525,1333,-451,532,1333,-451,539,1333,-451,506,1330,-440,500,1329,-440,495,1328,-440,555,1320,-237,491,1315,-187,533,1293,-417,504,1292,-402,630,1212,-165,435,1210,-67,775,1276,-252,288,1295,-2,917,1354,-474,156,1368,-63,963,1371,-526,113,1380,-97,970,1377,-599,111,1387,-149,954,1371,-521,122,1382,-99,593,881,-34,469,883,34,606,629,-50,446,637,15,609,409,203,427,416,247,589,383,211,446,392,250,645,334,-79,383,343,-29,
513,1315,-495,524,1333,-456,531,1333,-456,538,1333,-456,504,1331,-444,499,1329,-444,494,1328,-444,554,1321,-246,491,1315,-190,532,1293,-422,503,1293,-406,629,1213,-169,436,1210,-71,773,1288,-253,299,1298,-4,911,1371,-472,170,1382,-58,956,1393,-525,128,1398,-94,962,1399,-597,127,1405,-143,947,1392,-519,139,1399,-93,592,881,-33,468,883,33,606,629,-49,446,638,8,608,409,203,426,415,240,589,383,211,446,392,243,644,334,-83,383,342,-39,
513,1315,-478,524,1333,-437,531,1333,-437,538,1333,-437,504,1331,-428,499,1330,-428,494,1329,-428,554,1321,-228,491,1316,-183,532,1293,-404,503,1293,-391,628,1213,-152,437,1211,-74,770,1296,-231,304,1306,-32,900,1381,-446,178,1398,-101,943,1404,-501,138,1414,-178,946,1409,-569,135,1422,-177,933,1401,-491,147,1416,-121,592,882,-30,468,884,29,605,630,-42,446,638,3,608,409,190,425,415,216,589,383,194,443,392,216,644,334,-101,383,342,-64,
513,1315,-449,524,1333,-407,531,1333,-407,538,1333,-407,504,1331,-398,498,1330,-398,494,1329,-397,554,1321,-198,491,1316,-151,532,1293,-375,503,1293,-362,628,1214,-134,437,1212,-42,763,1300,-220,308,1312,-22,892,1390,-437,183,1409,-131,934,1414,-496,144,1426,-189,936,1418,-562,141,1434,-227,924,1409,-482,153,1428,-166,591,883,-29,468,884,29,605,630,-39,445,638,6,608,409,190,424,415,221,589,383,194,442,392,222,644,335,-100,383,342,-56,
512,1315,-424,523,1333,-384,530,1333,-384,538,1333,-384,503,1331,-373,498,1330,-373,493,1329,-373,554,1321,-182,490,1316,-126,532,1293,-353,502,1293,-337,628,1215,-126,438,1213,-22,759,1304,-219,312,1314,-18,885,1398,-434,186,1413,-144,926,1422,-494,149,1430,-198,927,1427,-557,146,1439,-243,915,1418,-477,158,1433,-182,591,883,-30,468,885,30,604,630,-39,445,638,7,609,409,192,423,415,226,590,383,196,441,392,227,643,335,-96,383,342,-55,
512,1315,-440,523,1333,-399,530,1333,-399,538,1333,-399,503,1331,-388,497,1330,-388,492,1329,-388,554,1320,-195,490,1316,-144,532,1293,-369,502,1293,-354,626,1215,-134,439,1213,-40,756,1305,-219,319,1310,-32,884,1402,-429,191,1414,-179,925,1426,-488,153,1431,-242,926,1431,-551,150,1440,-282,915,1421,-472,163,1434,-216,591,883,-29,468,885,29,604,629,-37,444,638,6,608,409,192,423,415,225,590,383,196,440,392,227,643,335,-95,383,342,-50,
512,1314,-442,523,1332,-399,531,1333,-400,538,1333,-400,503,1331,-392,497,1330,-392,493,1328,-392,554,1320,-187,490,1315,-151,533,1292,-367,502,1292,-356,625,1215,-112,439,1213,-49,755,1304,-179,321,1310,-74,880,1397,-390,190,1415,-257,921,1422,-450,153,1432,-325,922,1427,-514,150,1441,-372,909,1417,-434,163,1435,-296,590,884,-22,468,885,22,604,628,-31,444,639,-1,608,409,189,423,416,205,590,383,193,440,393,206,643,335,-100,383,342,-70,
512,1314,-452,523,1332,-414,531,1333,-415,538,1333,-415,503,1331,-405,497,1329,-405,493,1328,-405,554,1320,-204,490,1315,-161,533,1292,-378,502,1292,-364,625,1215,-127,439,1213,-60,755,1303,-194,322,1308,-77,881,1395,-408,190,1412,-235,922,1420,-467,153,1429,-297,924,1425,-534,150,1437,-347,911,1415,-453,163,1431,-275,590,884,-20,468,885,20,604,628,-25,443,640,-1,609,409,198,423,416,212,591,383,201,440,393,213,644,335,-99,383,342,-67,
513,1313,-483,524,1332,-439,531,1332,-439,538,1332,-439,504,1330,-434,498,1329,-434,493,1328,-434,554,1320,-215,490,1314,-193,533,1292,-404,503,1291,-397,625,1215,-127,440,1213,-93,757,1301,-201,320,1306,-110,883,1390,-417,188,1407,-266,925,1415,-475,150,1424,-327,926,1419,-543,146,1432,-378,914,1410,-462,159,1426,-306,590,884,-17,468,885,17,604,628,-26,443,641,-3,609,409,207,423,416,215,592,383,212,440,393,217,644,335,-92,383,342,-65,
513,1313,-518,524,1332,-475,531,1332,-475,538,1332,-476,504,1330,-470,498,1329,-470,493,1328,-470,554,1320,-254,490,1314,-227,533,1291,-440,503,1291,-432,625,1214,-163,440,1213,-121,760,1299,-230,320,1306,-119,889,1385,-443,186,1401,-251,930,1409,-498,146,1417,-306,932,1414,-568,144,1425,-359,920,1405,-489,156,1419,-290,591,884,-16,468,885,16,604,628,-20,443,641,-2,609,409,222,423,416,220,592,383,228,439,393,222,645,335,-73,383,342,-65,
513,1312,-549,524,1331,-508,531,1332,-508,538,1332,-508,504,1329,-500,498,1328,-500,493,1327,-500,555,1320,-289,490,1313,-251,533,1291,-471,503,1290,-460,626,1214,-196,440,1213,-131,765,1294,-264,319,1302,-105,901,1383,-485,182,1391,-194,941,1406,-539,139,1404,-237,945,1412,-614,137,1411,-291,932,1405,-532,149,1406,-232,591,884,-16,468,885,16,604,628,-23,443,641,-1,610,409,221,423,416,226,592,383,227,439,393,229,645,335,-73,383,342,-63,
513,1312,-574,524,1331,-533,531,1332,-534,539,1332,-534,504,1330,-524,498,1329,-524,493,1328,-524,555,1320,-307,490,1313,-264,533,1291,-494,504,1290,-481,626,1213,-211,440,1213,-130,768,1284,-280,304,1301,-89,910,1365,-505,166,1374,-163,952,1383,-557,121,1385,-200,958,1388,-635,119,1391,-257,944,1383,-554,131,1386,-201,591,884,-17,468,885,17,604,628,-30,443,640,0,610,409,227,423,416,247,592,383,235,439,393,250,645,334,-68,383,342,-44,
513,1312,-573,524,1331,-533,531,1332,-533,539,1332,-533,504,1330,-524,498,1329,-524,493,1328,-524,555,1320,-308,490,1313,-267,533,1291,-493,504,1291,-480,627,1213,-208,440,1213,-136,771,1273,-274,298,1293,-88,920,1347,-498,158,1349,-175,962,1360,-549,113,1357,-217,969,1364,-627,110,1361,-274,953,1359,-546,122,1356,-214,591,883,-17,468,885,17,604,628,-30,443,640,2,610,409,232,423,416,248,592,383,241,439,393,251,645,334,-57,383,342,-41,
514,1312,-613,525,1332,-575,532,1332,-575,539,1332,-576,506,1330,-568,500,1329,-568,494,1328,-568,555,1320,-344,491,1314,-312,533,1292,-528,505,1291,-519,627,1213,-225,439,1213,-168,774,1261,-273,284,1284,-151,927,1321,-494,141,1328,-336,972,1331,-544,94,1334,-383,977,1335,-624,90,1336,-455,961,1330,-542,104,1331,-381,591,883,-17,468,885,17,604,628,-32,443,640,2,610,409,230,423,416,247,593,383,238,439,393,250,646,334,-60,382,343,-42,
515,1312,-608,526,1332,-570,533,1332,-570,540,1332,-570,507,1330,-563,501,1329,-563,496,1328,-563,555,1320,-335,492,1315,-303,534,1292,-522,506,1291,-512,629,1213,-214,439,1213,-155,777,1251,-258,283,1269,-128,931,1293,-480,140,1299,-297,977,1304,-527,95,1304,-344,983,1310,-617,90,1306,-414,966,1306,-532,105,1303,-341,591,883,-17,468,885,17,604,629,-37,443,640,2,610,409,229,423,416,245,593,383,237,439,393,249,646,334,-61,382,343,-42,
515,1311,-685,526,1331,-651,533,1332,-651,541,1332,-651,508,1328,-642,502,1328,-642,496,1327,-642,556,1320,-415,493,1315,-373,534,1291,-596,506,1290,-583,632,1213,-269,439,1213,-201,789,1242,-305,281,1257,-167,940,1270,-531,131,1278,-368,988,1277,-581,85,1277,-415,995,1283,-670,80,1281,-494,979,1279,-582,97,1278,-415,591,883,-17,468,885,17,604,629,-37,443,640,14,610,409,231,423,416,259,592,383,239,439,393,262,646,334,-60,382,344,-29,
517,1310,-710,528,1330,-679,535,1331,-679,542,1332,-680,509,1328,-673,503,1327,-673,497,1326,-672,557,1320,-442,493,1315,-411,535,1291,-620,507,1289,-610,635,1213,-280,439,1213,-235,795,1231,-302,277,1245,-205,945,1245,-525,124,1252,-422,993,1249,-576,75,1249,-471,1001,1254,-664,69,1252,-558,984,1248,-575,87,1250,-471,591,883,-16,468,885,16,604,629,-28,443,640,17,610,409,230,422,416,256,592,384,238,439,393,259,646,335,-61,382,344,-31,
521,1309,-673,530,1330,-639,537,1331,-639,545,1332,-640,512,1328,-634,506,1327,-635,500,1326,-634,558,1320,-404,494,1315,-382,538,1290,-584,511,1288,-577,635,1212,-256,439,1212,-218,798,1219,-278,274,1231,-201,946,1224,-495,121,1226,-424,997,1223,-544,73,1218,-475,1003,1227,-636,67,1221,-562,985,1224,-543,84,1220,-474,591,884,-13,468,886,13,604,630,-13,443,641,17,610,409,227,422,416,237,592,384,232,439,393,239,646,335,-62,383,345,-47,
525,1311,-649,534,1331,-614,541,1332,-614,548,1332,-614,515,1328,-607,509,1327,-607,502,1326,-607,559,1321,-384,494,1315,-354,542,1291,-564,515,1289,-554,636,1211,-232,439,1211,-199,799,1205,-234,273,1214,-178,944,1195,-447,122,1199,-399,993,1193,-496,74,1190,-451,1000,1198,-583,69,1190,-538,981,1196,-494,86,1191,-449,591,884,-12,468,886,12,604,630,-2,443,641,16,610,410,228,421,416,234,592,384,233,437,393,236,646,336,-55,383,345,-47,
528,1311,-654,537,1331,-619,544,1332,-619,550,1332,-619,518,1328,-617,511,1327,-617,505,1326,-617,561,1321,-382,495,1315,-373,545,1291,-566,518,1289,-562,636,1208,-232,439,1210,-218,799,1187,-220,272,1203,-211,947,1168,-430,124,1174,-442,993,1164,-478,77,1164,-495,1001,1167,-565,73,1163,-585,983,1165,-478,90,1163,-492,591,884,-5,468,886,5,603,631,18,442,641,13,610,410,252,420,416,233,592,385,257,435,393,235,646,336,-24,382,345,-47,
530,1312,-626,539,1332,-588,546,1333,-588,552,1333,-589,519,1330,-591,513,1329,-591,506,1327,-591,563,1321,-349,495,1315,-368,547,1292,-536,520,1290,-539,637,1205,-199,438,1209,-214,799,1170,-189,269,1184,-191,945,1148,-401,122,1150,-417,991,1138,-449,76,1138,-469,999,1140,-533,72,1138,-558,981,1140,-448,89,1138,-467,591,884,-5,468,886,5,603,631,15,442,641,13,610,410,246,419,416,232,592,385,251,434,393,234,645,337,-32,381,346,-46,
533,1314,-558,541,1333,-516,548,1333,-516,554,1333,-516,521,1331,-519,514,1330,-519,507,1329,-519,564,1321,-274,495,1316,-295,550,1292,-470,521,1290,-475,637,1200,-140,437,1204,-164,798,1159,-129,269,1170,-162,940,1120,-356,124,1124,-395,987,1104,-405,77,1111,-445,992,1104,-490,72,1110,-530,972,1107,-403,90,1111,-443,590,884,0,468,886,0,603,630,25,442,641,0,610,410,246,418,416,214,592,385,250,434,393,217,645,337,-28,381,347,-58,
533,1314,-563,541,1333,-524,548,1333,-524,555,1333,-524,521,1331,-526,514,1330,-526,508,1329,-526,565,1321,-289,496,1316,-299,550,1292,-477,522,1290,-480,637,1195,-155,436,1200,-165,798,1144,-144,270,1158,-165,938,1091,-370,126,1102,-387,986,1073,-415,78,1085,-437,991,1075,-501,74,1084,-524,970,1077,-417,93,1085,-435,590,883,1,467,886,-1,603,627,25,442,641,-5,609,409,243,418,416,204,591,384,245,434,393,207,645,336,-31,380,347,-61,
533,1315,-552,541,1334,-512,548,1334,-513,554,1334,-513,521,1332,-514,515,1331,-514,508,1329,-514,565,1321,-278,497,1316,-286,550,1293,-467,522,1291,-469,637,1192,-145,436,1197,-160,795,1132,-127,280,1149,-154,929,1076,-354,134,1085,-375,974,1057,-399,90,1069,-426,976,1059,-485,88,1067,-519,956,1062,-401,105,1068,-424,590,883,4,467,886,-4,602,626,32,442,641,-10,608,409,245,418,417,206,589,384,248,434,395,209,645,336,-24,381,347,-61,
532,1315,-552,541,1334,-514,548,1334,-514,554,1334,-514,521,1332,-513,514,1331,-513,508,1329,-513,565,1321,-285,497,1316,-284,549,1293,-469,521,1291,-468,638,1189,-154,436,1195,-151,790,1123,-126,285,1138,-127,922,1061,-332,145,1072,-332,966,1039,-375,104,1052,-379,968,1040,-458,104,1050,-470,949,1045,-377,118,1053,-380,590,882,1,467,886,-1,602,625,27,441,641,-6,608,409,233,418,418,207,589,384,236,436,395,210,644,336,-30,381,347,-52,
531,1314,-577,540,1334,-541,547,1334,-541,554,1334,-541,520,1332,-541,513,1330,-541,507,1329,-541,565,1321,-315,497,1315,-312,548,1292,-493,519,1290,-492,638,1187,-165,436,1194,-165,782,1117,-128,287,1127,-132,913,1049,-328,153,1056,-335,957,1025,-370,115,1036,-382,959,1024,-455,113,1032,-472,942,1028,-373,126,1036,-383,590,882,0,467,886,0,601,625,23,441,641,3,608,409,233,418,420,224,589,384,236,436,397,228,644,336,-31,381,349,-34,
531,1314,-565,540,1334,-530,547,1334,-530,554,1334,-530,520,1332,-528,513,1330,-529,507,1329,-528,565,1321,-304,497,1315,-297,548,1292,-482,519,1290,-479,638,1188,-152,436,1194,-153,774,1111,-100,292,1120,-109,903,1039,-306,159,1043,-303,946,1015,-348,118,1022,-350,947,1014,-433,117,1019,-438,932,1018,-351,131,1023,-350,590,883,0,468,887,0,601,625,21,441,642,-9,608,409,223,418,420,202,589,384,226,436,398,206,644,336,-35,382,349,-57,
531,1314,-493,540,1334,-457,547,1334,-457,554,1334,-457,520,1332,-454,513,1330,-454,507,1329,-454,565,1321,-236,497,1315,-223,548,1292,-412,519,1291,-407,638,1187,-95,437,1194,-96,772,1105,-49,297,1117,-53,897,1033,-263,168,1040,-247,938,1010,-306,127,1019,-296,939,1008,-390,128,1016,-380,925,1013,-308,142,1021,-292,590,883,1,468,887,-1,601,626,15,441,642,-27,608,409,204,418,421,173,589,384,206,436,398,176,645,336,-51,383,348,-84,
530,1314,-481,540,1334,-446,547,1334,-446,554,1334,-446,520,1332,-442,513,1330,-442,507,1329,-442,565,1321,-229,498,1315,-209,548,1292,-401,519,1291,-394,638,1186,-88,437,1194,-79,770,1102,-42,302,1117,-25,892,1031,-257,174,1040,-212,932,1007,-301,134,1017,-260,934,1006,-383,136,1015,-344,920,1011,-301,151,1020,-257,590,883,0,468,888,0,601,626,7,441,643,-32,608,410,194,418,421,166,588,385,196,435,399,169,645,336,-64,384,348,-94,
530,1315,-480,540,1334,-445,547,1334,-445,554,1334,-445,520,1332,-441,513,1330,-441,507,1329,-440,565,1321,-231,498,1315,-211,548,1293,-401,519,1291,-395,638,1185,-93,438,1194,-88,769,1101,-51,304,1117,-46,890,1029,-263,175,1038,-230,930,1007,-305,135,1016,-278,932,1006,-386,137,1014,-360,918,1010,-306,152,1018,-274,589,883,2,468,888,-2,600,626,8,441,643,-31,608,411,200,418,421,170,588,386,203,435,399,173,645,336,-62,385,348,-90,
531,1318,-420,542,1335,-383,549,1335,-383,555,1335,-383,521,1334,-379,514,1332,-379,507,1330,-379,566,1321,-176,499,1316,-159,549,1296,-345,519,1293,-339,639,1185,-60,439,1193,-59,770,1101,-31,304,1117,-30,892,1030,-236,177,1039,-210,931,1008,-277,137,1018,-258,933,1007,-354,139,1015,-337,919,1011,-278,154,1020,-254,589,883,3,467,888,-3,600,626,3,441,643,-44,607,412,184,418,421,142,588,386,186,435,400,144,645,336,-69,385,348,-113,
533,1318,-452,542,1336,-414,550,1335,-415,556,1335,-415,521,1334,-412,515,1332,-412,508,1331,-412,567,1321,-199,500,1316,-188,550,1296,-373,520,1294,-370,639,1185,-74,439,1193,-75,770,1104,-39,303,1116,-45,894,1034,-244,175,1040,-231,934,1011,-285,135,1019,-279,935,1009,-365,136,1016,-361,921,1014,-288,151,1021,-276,589,883,3,467,888,-3,600,626,2,441,643,-39,607,412,189,418,421,155,587,386,192,435,400,157,645,337,-66,384,348,-102,
533,1318,-470,543,1335,-433,550,1335,-433,557,1335,-433,522,1334,-432,515,1332,-432,509,1331,-432,567,1321,-213,501,1316,-206,551,1296,-390,521,1294,-388,639,1185,-84,439,1193,-86,771,1107,-43,303,1117,-53,895,1038,-238,173,1042,-245,935,1015,-275,134,1021,-293,937,1014,-358,136,1017,-376,923,1018,-282,150,1021,-290,589,883,3,467,889,-3,600,626,0,441,643,-38,607,412,190,418,422,159,586,387,192,434,400,161,645,337,-65,384,348,-99,
533,1317,-472,543,1335,-434,550,1335,-434,557,1334,-434,522,1333,-433,515,1332,-433,509,1330,-433,567,1321,-213,501,1316,-207,551,1295,-391,521,1293,-389,639,1185,-85,439,1193,-86,771,1109,-48,302,1120,-54,896,1044,-249,172,1048,-245,939,1022,-287,132,1028,-291,940,1021,-370,134,1025,-376,924,1025,-293,150,1029,-291,589,883,2,467,889,-2,600,626,0,441,643,-36,606,413,190,418,422,163,585,387,192,434,400,166,645,338,-65,384,348,-96,
533,1317,-528,543,1335,-489,550,1335,-490,557,1334,-490,522,1333,-489,515,1332,-489,509,1330,-489,567,1321,-261,501,1316,-260,551,1295,-445,521,1293,-444,639,1186,-127,439,1193,-132,776,1110,-96,298,1121,-108,903,1045,-310,167,1049,-312,946,1023,-352,127,1029,-361,947,1023,-437,127,1027,-449,930,1028,-355,141,1030,-360,590,883,2,467,889,-2,600,626,8,441,643,-20,606,413,213,417,422,197,585,387,216,434,400,201,644,338,-48,384,348,-65,
532,1317,-576,543,1335,-538,550,1335,-538,556,1334,-538,522,1333,-538,515,1332,-538,509,1330,-538,567,1321,-305,501,1316,-308,550,1294,-490,521,1293,-491,639,1186,-162,438,1193,-172,779,1117,-133,294,1128,-156,908,1057,-353,155,1061,-364,950,1036,-396,114,1044,-413,951,1038,-482,114,1042,-502,933,1043,-399,129,1044,-413,590,884,2,467,889,-2,599,626,16,441,643,-12,606,413,225,417,422,210,585,387,229,434,400,213,644,338,-41,384,348,-56,
532,1316,-622,543,1335,-585,550,1334,-585,556,1334,-586,522,1333,-586,515,1331,-586,509,1330,-586,567,1320,-352,501,1316,-357,550,1294,-536,521,1293,-537,639,1186,-204,438,1193,-216,785,1125,-182,289,1137,-208,920,1070,-404,145,1075,-418,965,1051,-447,104,1061,-465,967,1053,-535,101,1059,-556,948,1056,-451,118,1060,-467,590,884,3,467,889,-3,599,626,19,441,643,-10,606,413,228,417,422,213,585,387,231,433,400,216,644,338,-40,384,348,-53,
532,1315,-632,542,1334,-594,550,1334,-594,556,1333,-595,522,1332,-594,515,1331,-594,509,1329,-594,567,1320,-356,501,1315,-358,550,1293,-544,521,1292,-544,640,1187,-206,437,1193,-207,791,1138,-185,278,1149,-193,927,1088,-413,137,1095,-417,975,1071,-460,94,1081,-467,976,1072,-549,92,1079,-561,956,1075,-460,109,1080,-467,590,884,2,467,889,-2,599,626,19,441,643,0,606,413,238,416,422,237,585,387,242,433,400,241,644,338,-35,384,348,-33,
532,1314,-612,542,1333,-575,550,1333,-575,556,1333,-575,522,1332,-574,515,1330,-574,509,1329,-574,567,1320,-339,500,1315,-336,550,1292,-525,521,1291,-524,640,1190,-194,436,1195,-189,798,1149,-182,270,1162,-175,935,1110,-406,130,1119,-405,982,1095,-455,87,1105,-457,984,1096,-541,85,1104,-550,966,1097,-452,103,1105,-456,590,884,0,467,889,0,599,626,23,441,643,9,606,413,251,416,422,249,585,387,255,433,400,254,644,338,-22,384,348,-22,
532,1314,-646,542,1333,-612,549,1333,-612,556,1333,-613,522,1332,-609,515,1330,-609,509,1329,-609,567,1320,-376,500,1316,-363,550,1292,-558,521,1291,-554,640,1196,-221,436,1198,-200,803,1161,-217,268,1175,-189,945,1135,-438,125,1143,-428,990,1124,-490,79,1132,-479,993,1125,-577,76,1132,-576,978,1126,-485,93,1132,-480,590,884,-4,467,889,4,599,626,22,441,643,23,606,413,251,416,422,267,585,387,256,433,400,272,644,338,-22,384,348,-4,
532,1314,-691,542,1333,-658,549,1333,-658,556,1333,-658,522,1331,-655,515,1330,-655,509,1329,-655,567,1320,-417,500,1316,-404,550,1292,-600,521,1291,-596,640,1202,-254,436,1201,-225,804,1183,-251,265,1193,-212,950,1158,-474,122,1165,-454,994,1152,-529,74,1154,-506,997,1153,-615,72,1154,-605,983,1152,-521,89,1154,-508,590,884,-10,467,888,10,599,626,14,441,643,35,606,413,246,416,422,279,586,387,250,433,400,284,644,338,-24,385,348,4,
531,1314,-722,542,1333,-690,549,1333,-690,555,1333,-690,521,1331,-685,514,1330,-685,508,1329,-685,567,1320,-448,500,1316,-424,549,1292,-630,520,1291,-623,640,1204,-282,436,1205,-233,805,1197,-286,263,1204,-206,955,1181,-512,119,1189,-445,1000,1178,-568,72,1180,-495,1003,1181,-655,68,1180,-592,989,1179,-559,85,1181,-498,590,884,-18,467,888,18,599,626,-1,442,642,49,607,413,244,416,422,298,588,387,248,433,400,303,644,338,-35,385,348,25,
