531,1316,-740,543,1335,-711,550,1335,-711,557,1334,-711,522,1335,-708,516,1333,-708,509,1332,-708,566,1322,-488,502,1320,-475,545,1293,-653,517,1295,-650,632,1186,-305,439,1182,-291,643,1012,-168,408,1018,-170,640,857,-300,361,864,-312,649,808,-351,346,818,-368,635,808,-430,358,813,-445,629,824,-333,366,829,-346,582,892,2,464,895,-2,598,629,-22,443,643,-25,608,408,229,424,419,231,590,387,234,439,399,238,648,337,-56,385,345,-49,
531,1317,-685,543,1336,-652,550,1335,-652,557,1334,-653,522,1335,-650,515,1334,-650,509,1333,-650,566,1322,-425,501,1320,-412,546,1295,-598,517,1296,-595,632,1184,-257,439,1182,-235,643,1012,-144,404,1018,-129,659,859,-301,351,868,-300,667,811,-354,332,827,-358,656,809,-435,339,821,-441,650,826,-336,349,835,-338,582,888,1,464,894,-1,599,628,-31,443,643,-25,608,411,230,424,421,239,590,387,237,441,399,247,647,337,-56,385,347,-43,
531,1318,-695,543,1336,-662,550,1335,-662,557,1334,-662,522,1335,-660,515,1334,-660,509,1333,-660,566,1322,-428,501,1320,-422,546,1295,-606,517,1296,-604,632,1183,-257,439,1182,-237,649,1013,-135,392,1024,-128,684,861,-296,329,876,-301,697,812,-349,311,837,-359,689,809,-433,316,833,-445,681,826,-333,324,844,-339,582,887,1,464,894,-1,600,628,-27,443,643,-24,607,413,231,425,424,240,589,387,238,442,401,247,646,338,-56,386,349,-43,
531,1318,-728,543,1336,-693,551,1335,-693,557,1334,-693,522,1335,-693,515,1334,-693,509,1333,-693,566,1322,-445,501,1320,-453,546,1295,-635,517,1296,-636,631,1183,-263,439,1183,-258,662,1017,-142,373,1030,-165,719,863,-310,303,890,-352,738,816,-362,276,850,-410,731,813,-449,281,847,-503,723,829,-349,293,857,-395,583,886,2,465,893,-2,600,626,-20,444,643,-22,607,413,252,425,424,259,588,387,260,442,401,268,646,338,-35,387,349,-27,
531,1318,-746,543,1336,-712,551,1335,-712,557,1334,-713,522,1335,-711,515,1334,-711,509,1333,-711,566,1322,-467,501,1320,-465,547,1295,-654,517,1296,-653,632,1182,-269,439,1184,-278,682,1020,-161,358,1040,-196,759,872,-349,271,911,-403,780,827,-402,242,874,-465,775,824,-492,243,872,-559,767,839,-391,256,880,-448,583,884,6,465,893,-7,600,624,-5,444,642,-22,607,413,275,425,424,267,588,387,284,442,402,277,646,338,-5,387,350,-16,
531,1318,-771,543,1336,-738,550,1335,-738,557,1334,-738,521,1335,-735,514,1334,-736,508,1333,-735,566,1322,-491,500,1320,-485,547,1295,-677,517,1296,-675,633,1182,-269,440,1185,-299,707,1029,-164,340,1053,-220,798,897,-367,240,941,-441,825,851,-415,209,907,-503,823,851,-511,209,904,-597,814,864,-411,221,911,-487,583,884,13,465,893,-13,600,624,16,444,642,-22,607,414,287,425,425,262,588,387,295,442,403,271,646,338,5,387,350,-21,
530,1318,-711,542,1336,-677,550,1335,-677,557,1334,-677,520,1335,-674,513,1334,-674,507,1333,-674,566,1322,-432,500,1320,-422,547,1295,-619,516,1296,-615,633,1183,-231,440,1187,-245,723,1046,-143,323,1074,-184,818,940,-368,208,981,-402,853,907,-417,175,949,-462,852,901,-514,176,946,-553,837,910,-414,188,953,-446,584,885,14,465,893,-14,600,624,27,443,642,-23,606,415,277,425,425,233,587,387,284,442,403,240,646,338,-3,387,350,-49,
529,1317,-722,542,1336,-688,549,1335,-689,556,1334,-689,519,1335,-687,512,1334,-687,506,1332,-687,566,1322,-440,500,1319,-424,546,1295,-625,516,1296,-622,633,1186,-243,439,1190,-252,740,1069,-144,311,1103,-190,849,984,-374,180,1021,-420,884,952,-417,143,996,-476,886,947,-514,145,994,-571,872,956,-421,156,1000,-468,585,886,13,465,894,-13,600,625,26,443,642,-22,605,416,273,424,425,222,586,387,283,442,403,227,646,339,-8,387,350,-63,
528,1317,-704,541,1336,-670,549,1335,-670,556,1334,-670,518,1335,-670,512,1334,-670,505,1332,-670,566,1322,-427,499,1319,-422,546,1295,-611,515,1296,-610,634,1187,-230,439,1193,-254,761,1089,-144,295,1126,-208,891,1019,-376,160,1066,-435,924,993,-418,121,1044,-490,927,990,-514,121,1043,-581,915,998,-424,133,1047,-483,586,887,13,465,894,-14,600,627,33,443,643,-21,605,416,270,423,425,218,585,387,283,440,403,223,646,339,-13,387,350,-63,
528,1318,-635,541,1336,-596,549,1335,-596,556,1334,-597,518,1335,-598,512,1334,-598,505,1333,-598,566,1322,-349,499,1320,-356,546,1295,-543,515,1296,-545,635,1189,-179,437,1198,-202,773,1119,-134,278,1156,-190,913,1068,-373,141,1111,-419,951,1049,-417,100,1094,-475,956,1050,-512,100,1094,-566,940,1054,-421,114,1096,-468,586,888,13,465,894,-13,599,628,43,443,643,-17,605,416,270,422,426,221,585,387,278,439,403,227,646,339,-10,387,350,-60,
528,1318,-594,541,1335,-555,549,1335,-555,556,1334,-556,518,1335,-556,512,1334,-556,505,1333,-555,566,1322,-311,499,1320,-314,547,1295,-503,516,1296,-504,635,1195,-156,436,1204,-162,784,1149,-135,272,1189,-149,918,1121,-370,134,1164,-403,964,1102,-417,90,1153,-456,969,1102,-508,89,1154,-546,950,1106,-418,105,1154,-459,586,889,10,465,894,-10,598,629,36,443,643,-12,605,416,270,421,426,222,586,387,277,437,404,228,645,339,-8,388,350,-57,
528,1318,-619,541,1335,-584,549,1335,-585,556,1334,-585,518,1335,-580,512,1334,-580,505,1333,-580,566,1322,-346,499,1320,-324,547,1295,-530,516,1296,-523,635,1200,-186,435,1211,-160,795,1177,-183,269,1218,-134,935,1165,-426,130,1218,-380,979,1156,-477,87,1207,-432,983,1158,-567,86,1210,-519,969,1160,-474,100,1211,-434,586,889,0,464,894,0,598,630,18,443,643,3,605,416,261,420,425,244,586,387,267,435,403,248,645,338,-21,388,350,-38,
528,1318,-582,540,1336,-549,548,1335,-549,555,1334,-549,518,1335,-540,512,1334,-540,505,1333,-540,566,1322,-318,499,1320,-279,547,1296,-496,516,1296,-484,636,1208,-181,435,1215,-115,796,1211,-198,277,1246,-72,935,1216,-441,141,1265,-289,982,1211,-493,95,1261,-337,984,1215,-579,93,1266,-419,969,1214,-489,108,1265,-337,586,890,-14,464,894,14,598,632,-20,443,643,5,605,416,211,419,425,238,587,387,216,434,403,241,646,338,-77,387,350,-47,
528,1320,-502,539,1336,-464,547,1336,-464,554,1335,-464,518,1336,-456,512,1335,-456,506,1334,-456,565,1323,-235,499,1321,-201,546,1298,-420,516,1299,-409,636,1213,-125,436,1220,-63,787,1235,-189,285,1271,-8,924,1255,-426,152,1311,-135,970,1260,-485,109,1314,-173,976,1266,-554,107,1317,-238,959,1262,-468,120,1314,-175,586,890,-17,464,894,17,599,635,-28,443,646,2,606,416,197,418,426,228,587,387,202,433,404,230,646,339,-88,387,350,-56,
528,1325,-487,539,1339,-446,546,1339,-446,553,1337,-446,518,1339,-438,512,1338,-438,506,1337,-438,565,1324,-219,498,1324,-185,546,1302,-406,516,1303,-396,635,1216,-114,436,1225,-59,785,1258,-185,290,1298,3,925,1308,-415,162,1352,-66,970,1316,-476,121,1361,-99,976,1321,-538,120,1367,-154,960,1316,-455,133,1362,-102,586,891,-17,464,894,17,599,635,-32,443,647,0,607,416,199,417,426,220,588,387,205,431,404,221,648,339,-85,387,350,-66,
527,1326,-468,538,1340,-428,545,1339,-428,553,1338,-428,518,1340,-421,511,1339,-421,505,1338,-421,565,1324,-210,498,1325,-174,546,1302,-390,516,1304,-380,634,1219,-116,437,1227,-63,781,1284,-180,297,1317,-23,914,1346,-408,175,1390,-111,957,1362,-463,132,1403,-154,963,1368,-527,129,1410,-211,948,1363,-449,141,1404,-150,585,891,-19,463,894,19,599,635,-28,443,647,3,609,416,203,417,426,225,589,387,208,431,404,226,648,338,-89,386,350,-62,
525,1332,-453,536,1344,-409,543,1343,-409,551,1341,-409,517,1344,-402,511,1343,-402,505,1342,-402,564,1326,-192,499,1326,-159,544,1308,-378,515,1310,-369,632,1221,-120,441,1228,-66,780,1303,-195,317,1334,-44,904,1385,-406,195,1426,-130,946,1406,-458,159,1443,-178,949,1410,-526,156,1451,-224,935,1404,-449,166,1445,-166,585,891,-17,463,894,17,600,634,-29,443,646,-7,608,416,209,417,426,222,588,387,213,431,404,224,648,338,-79,386,349,-65,
524,1333,-461,535,1345,-420,542,1343,-420,550,1342,-420,516,1345,-411,510,1344,-411,505,1343,-411,564,1326,-207,498,1327,-165,544,1308,-385,514,1310,-373,631,1223,-125,445,1229,-69,772,1326,-196,332,1353,-71,894,1422,-404,219,1460,-239,932,1445,-462,185,1484,-317,934,1450,-525,183,1491,-348,924,1443,-446,194,1483,-276,585,892,-17,463,895,16,600,634,-2,442,647,7,608,416,225,418,426,241,588,388,229,434,403,244,648,339,-75,385,348,-44,
523,1330,-490,534,1344,-452,542,1343,-452,550,1341,-452,516,1344,-444,510,1343,-444,504,1342,-444,564,1326,-240,499,1326,-201,543,1306,-413,513,1308,-401,628,1226,-144,448,1233,-82,750,1339,-243,349,1367,-161,869,1456,-434,237,1480,-349,907,1484,-495,205,1505,-424,907,1490,-545,209,1512,-463,895,1483,-471,219,1504,-386,585,896,-16,463,900,16,600,635,-4,442,648,6,609,416,216,418,424,240,591,389,219,435,400,243,648,339,-85,384,348,-45,
523,1327,-633,534,1341,-598,542,1340,-598,550,1339,-598,516,1341,-590,510,1340,-590,505,1339,-590,564,1326,-387,499,1324,-347,543,1306,-553,514,1305,-542,628,1229,-292,455,1234,-254,736,1353,-389,372,1370,-330,838,1477,-550,272,1501,-494,871,1508,-612,239,1529,-567,869,1516,-656,247,1537,-604,857,1505,-583,259,1527,-527,584,898,-15,464,903,15,600,636,2,442,650,15,609,415,277,418,423,289,591,389,286,435,398,297,645,339,-19,385,348,7,
524,1319,-743,536,1337,-711,544,1336,-711,552,1336,-711,517,1335,-705,511,1333,-705,506,1332,-705,567,1323,-500,500,1320,-471,543,1299,-661,515,1296,-653,628,1228,-394,461,1233,-385,719,1364,-500,391,1379,-483,806,1499,-648,301,1527,-627,839,1533,-711,275,1558,-699,835,1540,-750,281,1566,-730,822,1527,-679,290,1554,-657,584,900,-7,464,905,7,600,638,34,442,651,37,608,415,317,418,422,323,590,389,327,435,397,332,645,340,26,386,348,49,
525,1318,-680,538,1335,-645,546,1335,-645,554,1334,-645,518,1333,-641,512,1331,-641,507,1329,-641,568,1322,-429,501,1318,-410,545,1297,-598,516,1295,-592,628,1228,-343,465,1233,-328,704,1369,-457,403,1388,-447,768,1511,-600,324,1542,-590,804,1550,-669,304,1574,-664,798,1555,-699,310,1581,-692,785,1543,-629,318,1569,-619,583,900,-8,464,905,8,600,638,53,442,651,66,608,415,351,418,423,381,590,389,362,435,397,393,643,341,61,386,348,115,
527,1325,-725,540,1339,-684,547,1338,-684,556,1337,-684,520,1336,-681,514,1334,-681,509,1332,-681,570,1323,-461,503,1320,-441,546,1303,-640,517,1301,-635,628,1230,-399,466,1234,-363,692,1383,-544,415,1393,-502,747,1538,-675,349,1549,-640,775,1572,-751,330,1583,-717,768,1578,-771,340,1587,-740,755,1566,-700,349,1576,-667,583,900,-12,464,905,11,600,636,66,442,650,112,608,409,418,420,422,492,590,384,434,436,398,511,643,339,124,388,347,234,
532,1329,-732,543,1342,-692,551,1341,-692,559,1340,-692,524,1339,-692,518,1337,-692,513,1335,-692,570,1324,-473,504,1322,-470,549,1308,-650,521,1307,-649,628,1235,-433,465,1241,-422,680,1386,-614,423,1398,-614,725,1550,-756,369,1563,-734,745,1585,-838,352,1603,-812,733,1590,-847,366,1604,-825,723,1580,-778,374,1592,-756,583,900,-12,464,905,11,601,635,61,442,650,106,609,407,391,420,419,470,590,382,406,437,395,488,645,335,104,388,340,218,
536,1330,-726,546,1342,-686,553,1341,-686,561,1340,-686,527,1340,-687,521,1338,-687,516,1336,-687,571,1324,-468,505,1323,-469,552,1309,-643,525,1308,-643,627,1237,-429,465,1243,-427,665,1392,-595,428,1406,-606,696,1561,-707,387,1574,-707,715,1598,-782,377,1610,-783,704,1600,-787,391,1613,-791,695,1590,-724,397,1602,-726,583,900,-11,464,905,11,603,635,79,442,650,111,609,407,415,421,419,479,590,382,432,437,395,498,644,335,149,388,340,239,
539,1330,-726,549,1343,-686,556,1342,-686,563,1341,-686,530,1341,-691,524,1339,-690,519,1338,-690,572,1325,-469,507,1324,-486,554,1310,-643,528,1309,-648,626,1238,-435,464,1244,-453,655,1393,-609,435,1414,-648,675,1558,-722,400,1587,-729,681,1595,-801,394,1618,-803,669,1599,-799,410,1624,-809,663,1589,-737,416,1615,-746,584,900,-10,464,904,9,605,633,76,441,648,105,609,407,409,422,418,461,590,382,426,437,393,479,644,333,157,387,338,227,
545,1332,-709,554,1345,-668,560,1344,-668,567,1344,-668,536,1344,-672,530,1343,-671,525,1342,-671,575,1328,-448,512,1328,-459,559,1313,-624,534,1313,-627,626,1243,-413,466,1247,-422,637,1407,-601,449,1416,-620,641,1568,-715,427,1586,-705,651,1600,-798,418,1617,-781,637,1603,-791,435,1625,-788,627,1593,-728,444,1617,-722,584,900,-10,464,904,9,605,633,80,441,648,105,609,408,425,422,417,473,588,383,443,436,393,493,643,333,164,387,336,229,
547,1333,-532,554,1346,-492,561,1346,-492,567,1346,-492,537,1345,-494,531,1345,-494,527,1344,-494,575,1332,-287,513,1330,-294,560,1313,-454,535,1314,-456,626,1246,-286,468,1249,-281,624,1412,-486,461,1415,-493,624,1568,-561,449,1584,-531,630,1595,-644,439,1614,-605,612,1598,-627,458,1622,-601,602,1590,-569,466,1612,-543,585,899,-10,464,904,10,606,631,74,441,646,97,609,408,398,422,415,441,586,385,414,436,391,458,643,333,140,386,334,199,
546,1337,-471,554,1349,-431,561,1349,-431,567,1348,-431,536,1348,-432,531,1347,-432,526,1346,-432,575,1334,-231,513,1330,-234,560,1317,-396,535,1318,-397,626,1249,-237,468,1249,-228,615,1419,-429,465,1415,-421,604,1574,-517,461,1583,-475,602,1599,-598,456,1613,-548,586,1603,-585,473,1620,-546,581,1595,-526,479,1610,-488,585,899,-11,464,904,11,606,629,71,440,644,94,609,409,392,422,414,429,585,385,405,437,390,445,642,333,128,385,334,195,
546,1338,-455,554,1350,-414,560,1350,-413,567,1349,-414,536,1350,-414,530,1349,-414,525,1348,-413,575,1335,-210,513,1330,-205,560,1317,-379,534,1318,-378,626,1249,-227,468,1248,-199,604,1417,-428,471,1416,-395,587,1568,-530,479,1587,-457,582,1596,-615,482,1618,-533,571,1601,-605,493,1622,-530,568,1593,-540,495,1612,-470,586,899,-13,464,904,12,607,629,69,440,643,94,609,409,389,422,412,430,584,385,405,437,388,447,642,333,141,385,334,200,
545,1339,-428,554,1352,-387,560,1352,-387,567,1351,-387,536,1351,-388,530,1350,-388,525,1348,-388,574,1336,-188,511,1330,-186,560,1319,-354,534,1319,-353,626,1250,-205,468,1248,-185,598,1420,-403,475,1415,-382,567,1572,-501,484,1586,-439,553,1599,-584,490,1618,-511,548,1603,-569,496,1621,-505,548,1595,-509,498,1611,-450,586,898,-13,464,904,13,607,629,57,440,643,92,608,410,384,422,411,427,583,386,401,437,388,445,642,333,141,385,333,200,
545,1338,-392,553,1351,-350,560,1351,-350,567,1351,-350,536,1350,-351,530,1349,-351,525,1348,-351,574,1336,-149,510,1329,-146,559,1318,-316,534,1317,-316,625,1250,-170,468,1248,-146,589,1419,-361,479,1412,-349,549,1574,-441,495,1583,-398,533,1602,-522,502,1613,-472,531,1605,-505,505,1616,-462,535,1595,-448,505,1606,-409,586,898,-14,464,904,13,607,629,31,440,642,84,608,412,374,424,412,424,583,387,394,440,388,442,642,333,133,385,333,194,
545,1337,-359,553,1351,-317,560,1351,-317,567,1351,-317,535,1349,-316,529,1348,-316,524,1347,-316,574,1336,-120,509,1328,-110,559,1317,-284,533,1316,-282,624,1250,-146,468,1248,-110,588,1416,-338,480,1411,-310,540,1573,-406,501,1579,-355,523,1602,-487,509,1608,-430,523,1605,-468,510,1612,-418,527,1595,-412,510,1602,-365,586,898,-15,464,904,15,607,630,22,440,642,82,608,413,354,425,412,418,583,388,374,442,388,436,642,333,126,385,333,190,
545,1337,-331,553,1351,-290,560,1351,-290,567,1351,-290,535,1349,-289,529,1348,-289,524,1347,-289,574,1336,-93,509,1328,-83,559,1316,-257,533,1316,-255,624,1251,-123,469,1248,-86,583,1414,-316,480,1410,-290,536,1574,-383,499,1578,-336,520,1602,-464,506,1606,-412,520,1604,-446,508,1610,-400,523,1595,-390,508,1601,-347,586,898,-16,464,904,16,607,630,6,440,642,74,608,413,337,425,412,405,583,389,356,443,389,423,642,333,110,385,333,184,
544,1337,-379,553,1351,-338,560,1351,-338,566,1351,-338,535,1349,-338,529,1348,-338,524,1347,-338,574,1336,-137,509,1328,-134,558,1317,-303,533,1317,-302,624,1252,-157,469,1248,-128,584,1414,-345,478,1411,-324,540,1576,-426,496,1582,-377,524,1602,-507,503,1610,-451,523,1606,-492,506,1613,-443,527,1597,-435,505,1604,-389,586,898,-17,464,904,17,607,630,12,440,643,74,608,414,340,426,412,412,583,389,361,444,389,431,642,334,117,384,333,190,
544,1337,-389,553,1351,-348,560,1351,-348,566,1351,-348,534,1350,-350,529,1349,-350,523,1347,-349,574,1336,-148,509,1328,-148,558,1317,-314,532,1317,-314,624,1252,-169,470,1248,-141,586,1416,-357,476,1412,-336,544,1576,-445,490,1584,-394,528,1603,-526,496,1614,-466,526,1606,-512,499,1617,-460,529,1597,-454,500,1607,-405,586,899,-17,464,905,17,607,633,15,440,644,74,608,415,342,426,413,412,583,391,363,443,390,431,642,335,116,384,333,188,
544,1339,-449,553,1352,-409,559,1352,-409,566,1352,-409,534,1351,-413,529,1349,-413,523,1348,-413,574,1336,-210,509,1328,-219,558,1319,-372,532,1319,-375,624,1252,-225,470,1248,-214,591,1417,-426,474,1413,-416,554,1575,-534,485,1587,-473,540,1601,-617,490,1617,-541,537,1605,-601,495,1621,-539,538,1596,-542,497,1611,-485,586,900,-17,464,906,17,607,635,36,440,645,80,608,416,350,426,413,416,583,391,368,443,390,434,641,335,117,384,333,189,
544,1342,-366,553,1354,-324,560,1353,-324,567,1353,-324,534,1352,-325,528,1351,-325,523,1350,-325,574,1337,-130,509,1330,-127,558,1321,-294,532,1322,-294,624,1252,-164,469,1248,-127,593,1417,-368,473,1413,-320,558,1573,-476,481,1586,-391,547,1599,-563,485,1617,-464,546,1602,-548,492,1621,-464,547,1594,-485,494,1611,-405,586,900,-22,464,906,22,607,636,32,440,645,85,609,415,333,427,413,414,584,390,348,444,390,430,641,335,91,384,333,188,
544,1343,-391,553,1355,-349,560,1355,-349,567,1355,-349,534,1354,-351,528,1353,-351,523,1352,-351,574,1339,-144,509,1333,-150,558,1323,-314,532,1323,-316,624,1252,-192,469,1249,-142,595,1416,-407,466,1415,-321,574,1571,-512,473,1587,-394,571,1598,-600,468,1619,-468,558,1601,-585,487,1623,-468,553,1593,-520,494,1613,-409,586,899,-25,464,906,24,607,637,38,440,645,101,609,415,338,427,413,427,585,390,352,444,389,443,641,335,93,384,333,203,
544,1344,-483,553,1356,-443,560,1355,-443,567,1355,-443,534,1354,-443,528,1353,-443,523,1352,-443,574,1339,-242,509,1334,-239,559,1324,-408,532,1324,-407,624,1252,-259,467,1249,-212,602,1415,-451,456,1417,-370,594,1572,-552,442,1588,-451,597,1600,-635,433,1619,-524,579,1603,-624,453,1624,-529,571,1594,-562,464,1615,-468,586,899,-24,464,905,24,607,637,53,440,644,110,609,415,367,427,413,446,585,390,382,444,389,463,641,335,120,384,333,220,
544,1340,-618,553,1354,-579,560,1354,-579,567,1354,-579,534,1352,-583,528,1351,-583,523,1350,-583,574,1338,-371,509,1334,-384,558,1320,-537,532,1320,-541,624,1250,-360,466,1249,-347,616,1415,-547,442,1417,-515,622,1572,-666,413,1587,-594,628,1599,-749,404,1618,-665,609,1602,-743,422,1622,-674,600,1594,-679,432,1613,-611,586,898,-21,464,904,21,607,637,61,440,644,108,609,416,401,427,414,460,585,391,420,443,390,479,641,335,155,384,334,231,
543,1332,-666,552,1349,-630,559,1349,-630,567,1349,-630,534,1347,-631,528,1346,-631,522,1345,-631,574,1335,-428,509,1332,-428,558,1312,-587,531,1311,-587,624,1246,-411,466,1247,-374,632,1414,-589,434,1416,-515,653,1573,-700,390,1584,-591,660,1601,-778,376,1616,-660,647,1606,-777,392,1621,-671,640,1597,-714,399,1611,-610,586,896,-20,464,901,20,608,637,66,440,642,117,609,416,412,426,414,471,585,392,432,443,391,491,641,335,171,383,334,247,
540,1332,-733,550,1348,-697,557,1348,-697,564,1348,-697,531,1346,-699,526,1345,-699,520,1345,-699,574,1334,-490,508,1332,-494,556,1312,-653,529,1310,-654,624,1245,-457,466,1247,-437,658,1414,-634,424,1414,-590,684,1578,-752,366,1575,-675,696,1613,-829,348,1609,-741,685,1616,-831,364,1614,-752,678,1607,-769,372,1602,-694,586,896,-14,465,901,13,608,637,73,440,642,113,609,418,423,426,414,466,585,393,443,442,391,484,641,336,176,384,334,236,
539,1331,-748,548,1348,-711,555,1348,-711,563,1347,-711,530,1346,-713,525,1345,-713,520,1344,-713,573,1333,-506,508,1332,-511,554,1311,-669,528,1309,-671,625,1243,-470,466,1243,-449,671,1408,-631,412,1408,-588,714,1577,-765,336,1565,-686,733,1610,-838,313,1598,-746,718,1614,-851,326,1603,-763,709,1606,-786,337,1591,-708,587,894,-7,465,899,6,608,637,87,440,642,116,609,420,427,426,414,461,585,394,446,442,391,479,641,336,177,384,334,231,
535,1326,-699,545,1345,-665,553,1345,-665,561,1345,-665,527,1343,-665,522,1342,-665,516,1342,-665,573,1331,-468,507,1331,-465,551,1306,-622,524,1304,-621,626,1242,-423,466,1241,-398,686,1404,-575,394,1404,-533,747,1576,-698,314,1552,-636,768,1610,-772,292,1585,-694,758,1614,-781,303,1593,-710,746,1605,-719,313,1580,-658,587,893,-6,465,898,5,608,637,83,440,642,114,608,420,402,426,415,422,584,394,417,441,391,435,641,336,149,384,334,189,
532,1325,-658,543,1344,-622,550,1344,-621,558,1344,-622,524,1342,-623,519,1341,-623,513,1341,-623,571,1330,-421,506,1331,-423,548,1305,-580,521,1303,-580,626,1237,-413,465,1236,-372,700,1391,-503,381,1392,-443,772,1557,-648,288,1533,-601,796,1595,-703,261,1570,-645,788,1601,-745,271,1579,-674,776,1589,-687,282,1564,-640,587,892,-4,465,896,3,608,637,76,440,642,93,607,420,360,426,415,370,583,394,373,441,391,381,641,336,105,385,333,133,
532,1323,-607,542,1343,-571,550,1343,-571,558,1342,-571,524,1341,-572,518,1340,-572,512,1339,-572,570,1330,-378,504,1330,-381,548,1302,-535,521,1301,-535,626,1236,-318,460,1233,-314,715,1379,-407,367,1381,-402,808,1524,-557,256,1509,-579,842,1561,-615,219,1539,-625,834,1569,-652,226,1547,-668,821,1554,-591,240,1536,-632,587,889,1,465,894,-1,609,637,83,440,641,85,608,420,354,426,415,353,583,393,365,441,391,364,642,336,100,385,334,119,
532,1323,-560,542,1343,-527,550,1343,-527,557,1342,-528,524,1341,-523,518,1340,-523,512,1339,-523,569,1329,-349,503,1329,-326,547,1303,-493,521,1302,-485,629,1235,-294,457,1231,-248,734,1364,-386,348,1367,-319,848,1503,-542,228,1482,-475,878,1537,-596,194,1509,-527,873,1544,-637,197,1516,-559,860,1531,-576,210,1507,-510,587,889,1,465,893,-1,609,633,24,440,641,55,609,416,277,426,415,310,585,389,287,440,391,319,643,333,17,385,334,80,
530,1319,-730,539,1340,-699,546,1340,-699,554,1340,-699,522,1337,-689,517,1336,-689,511,1335,-689,566,1328,-488,503,1324,-441,545,1300,-648,521,1299,-634,631,1233,-374,453,1231,-277,746,1343,-419,330,1349,-328,876,1474,-622,188,1456,-500,909,1506,-681,158,1482,-554,904,1514,-749,159,1488,-603,891,1501,-667,170,1479,-513,587,889,-8,465,894,8,609,633,16,440,642,59,612,413,303,426,416,342,590,386,315,441,392,353,643,335,16,386,335,89,
529,1318,-693,539,1337,-660,546,1338,-660,554,1338,-660,522,1334,-653,516,1333,-653,510,1332,-653,566,1326,-446,503,1321,-414,545,1299,-611,520,1298,-601,633,1230,-326,452,1227,-255,761,1326,-342,315,1328,-215,898,1437,-568,178,1412,-376,934,1466,-627,141,1432,-429,930,1475,-712,139,1439,-488,917,1465,-618,153,1431,-415,587,889,-9,466,894,9,609,632,1,440,644,26,612,411,302,426,416,312,591,385,314,440,393,321,643,335,7,390,335,34,
529,1318,-707,539,1337,-669,546,1338,-669,554,1338,-669,521,1335,-666,515,1333,-666,508,1332,-666,566,1326,-439,501,1321,-424,545,1299,-620,519,1298,-616,633,1223,-311,447,1221,-265,773,1306,-338,299,1313,-252,924,1395,-558,163,1372,-403,960,1419,-616,123,1387,-454,963,1427,-700,119,1393,-516,951,1418,-607,130,1386,-444,588,889,-7,466,893,6,609,632,1,443,645,28,611,411,311,426,416,310,591,385,325,440,393,317,643,338,24,391,338,21,
529,1318,-684,539,1336,-648,546,1336,-648,554,1336,-648,521,1334,-645,515,1333,-645,508,1332,-644,566,1325,-400,500,1320,-395,545,1298,-608,519,1297,-600,633,1221,-242,443,1220,-227,781,1286,-255,292,1296,-200,935,1354,-474,143,1334,-392,975,1376,-531,105,1343,-447,977,1381,-614,103,1349,-517,966,1373,-525,113,1344,-437,588,889,-5,466,893,5,608,632,-20,445,645,-15,611,411,265,427,415,236,591,385,274,444,392,239,643,339,-34,392,338,-68,
530,1317,-677,540,1336,-642,547,1336,-642,554,1336,-642,521,1334,-637,515,1333,-636,508,1331,-636,566,1325,-384,500,1320,-387,546,1297,-593,519,1295,-595,633,1219,-224,439,1219,-226,789,1267,-232,285,1276,-225,943,1308,-456,135,1294,-415,984,1327,-512,94,1299,-473,989,1333,-596,91,1303,-572,976,1325,-506,103,1299,-464,589,890,-1,466,894,1,607,632,-26,446,646,-27,611,411,233,427,416,200,592,386,240,444,393,201,645,340,-58,392,340,-102,
530,1316,-708,540,1335,-672,547,1335,-672,554,1336,-672,521,1333,-669,515,1332,-669,508,1331,-669,566,1325,-413,500,1320,-410,546,1296,-614,520,1294,-613,635,1219,-249,438,1219,-240,798,1250,-259,276,1251,-229,948,1270,-467,128,1247,-434,992,1280,-518,88,1249,-489,1000,1286,-604,85,1251,-575,985,1281,-517,98,1247,-475,589,890,0,466,894,0,607,632,-18,447,647,-13,611,411,233,428,417,220,593,386,238,445,393,222,646,340,-62,392,343,-77,
530,1312,-703,540,1333,-670,547,1334,-670,554,1334,-670,521,1330,-667,515,1329,-667,508,1328,-667,566,1324,-421,500,1319,-413,546,1293,-610,520,1290,-607,637,1217,-246,438,1219,-245,806,1231,-246,272,1228,-242,960,1234,-460,124,1205,-475,1002,1242,-514,83,1201,-534,1008,1247,-601,80,1203,-632,994,1240,-509,94,1201,-528,590,890,0,466,894,0,606,632,-15,447,647,-7,611,411,246,427,417,221,593,387,252,445,394,223,646,340,-45,392,343,-73,
530,1311,-666,540,1332,-629,547,1333,-629,554,1333,-629,521,1329,-630,515,1328,-630,508,1327,-630,566,1324,-368,500,1318,-373,547,1291,-567,520,1289,-568,638,1213,-182,436,1217,-209,801,1207,-165,272,1201,-197,948,1192,-387,133,1162,-442,992,1196,-439,93,1153,-503,999,1200,-531,91,1152,-611,983,1196,-438,105,1152,-495,590,891,7,466,894,-7,605,631,22,447,647,-16,612,411,258,426,418,214,593,386,266,444,395,217,647,340,-31,392,343,-77,
531,1311,-649,541,1332,-610,547,1333,-611,554,1333,-611,522,1329,-613,515,1328,-613,508,1327,-613,566,1324,-351,500,1318,-360,548,1291,-551,520,1289,-554,638,1209,-171,435,1211,-204,804,1179,-144,276,1178,-195,942,1155,-369,139,1119,-441,987,1155,-421,100,1111,-500,995,1158,-513,99,1109,-604,978,1154,-419,112,1107,-493,590,891,8,466,894,-8,605,631,26,447,647,-18,612,411,259,426,420,214,593,386,264,444,397,217,647,340,-29,391,345,-75,
531,1319,-545,540,1338,-504,547,1338,-504,554,1338,-505,521,1336,-504,515,1335,-504,508,1333,-504,566,1326,-266,499,1321,-265,548,1298,-459,519,1295,-458,638,1205,-124,435,1206,-139,797,1161,-102,282,1155,-126,932,1119,-313,148,1087,-346,975,1111,-358,110,1072,-399,982,1112,-446,109,1070,-488,964,1111,-361,122,1071,-394,590,891,7,466,894,-7,604,632,25,447,648,-22,611,411,238,426,421,198,593,386,241,443,398,200,647,340,-40,390,345,-83,
529,1323,-591,539,1340,-553,547,1340,-553,554,1340,-553,520,1338,-552,513,1337,-552,507,1335,-552,566,1326,-315,499,1321,-311,546,1301,-503,515,1298,-502,638,1199,-165,434,1202,-176,794,1136,-130,285,1133,-167,930,1075,-353,155,1055,-388,972,1063,-399,117,1038,-444,978,1064,-491,119,1035,-523,961,1064,-402,132,1038,-435,590,891,8,466,894,-8,603,632,31,447,648,-17,611,412,246,425,421,216,593,386,252,443,398,219,647,340,-33,388,346,-66,
528,1323,-604,539,1340,-565,546,1340,-565,554,1340,-566,519,1338,-565,513,1337,-565,506,1335,-565,566,1326,-327,499,1321,-324,545,1301,-515,515,1298,-514,638,1195,-162,434,1197,-182,782,1117,-102,291,1114,-157,916,1052,-314,172,1025,-375,959,1033,-357,137,1006,-428,965,1033,-447,137,1002,-516,950,1036,-361,151,1005,-422,590,891,7,466,895,-7,603,632,29,447,647,-17,610,413,250,425,421,215,592,386,256,443,398,219,647,340,-30,388,346,-68,
528,1321,-607,539,1339,-579,546,1339,-579,553,1339,-579,519,1337,-573,512,1336,-573,506,1334,-573,566,1326,-352,499,1321,-327,545,1300,-521,515,1297,-518,638,1193,-174,436,1197,-188,772,1097,-94,306,1100,-143,894,1014,-307,197,1000,-359,934,996,-349,161,974,-411,940,993,-442,160,970,-501,927,995,-353,173,975,-405,590,891,7,466,895,-7,603,632,14,447,647,-25,610,413,224,425,421,197,592,386,227,443,398,201,647,340,-61,388,346,-86,
528,1321,-642,539,1339,-611,546,1339,-611,553,1339,-611,519,1337,-607,512,1336,-607,506,1334,-607,566,1326,-373,499,1321,-358,545,1300,-552,515,1297,-548,637,1194,-182,437,1195,-191,754,1083,-89,319,1081,-144,859,991,-302,217,969,-362,900,961,-346,182,941,-417,903,957,-441,178,936,-510,889,963,-348,192,942,-409,590,892,7,466,896,-7,603,632,5,447,647,-30,610,414,216,425,422,194,592,386,218,443,399,197,647,340,-76,388,347,-93,
527,1321,-649,539,1340,-616,546,1340,-616,553,1339,-616,518,1338,-613,512,1336,-613,505,1335,-613,566,1326,-379,499,1322,-367,545,1300,-559,514,1298,-556,636,1193,-185,437,1195,-191,738,1064,-94,335,1066,-144,840,958,-301,242,945,-358,877,927,-347,208,914,-414,879,922,-442,206,908,-506,866,930,-347,219,915,-404,590,892,7,466,896,-7,603,631,3,447,646,-32,610,414,220,425,422,199,592,387,223,443,399,203,647,339,-69,388,347,-88,
526,1321,-654,538,1340,-620,546,1339,-620,553,1339,-620,518,1338,-617,511,1336,-617,505,1335,-617,566,1326,-383,499,1322,-370,545,1300,-565,513,1298,-561,636,1190,-188,438,1189,-195,728,1045,-96,347,1054,-125,818,929,-295,266,928,-340,853,899,-346,234,895,-400,854,896,-439,235,891,-494,839,903,-339,249,899,-386,590,891,7,467,896,-7,603,630,-8,447,645,-37,610,414,216,425,422,203,592,387,219,443,399,207,647,339,-75,388,347,-86,
527,1320,-740,539,1339,-707,547,1339,-707,554,1338,-707,518,1337,-706,511,1336,-706,505,1334,-706,566,1325,-471,499,1322,-467,545,1298,-650,513,1297,-648,636,1185,-269,438,1184,-282,711,1036,-119,357,1038,-182,797,908,-315,289,907,-377,829,870,-365,258,871,-439,830,869,-456,259,869,-536,818,879,-359,273,877,-420,590,891,7,467,895,-7,602,630,-11,447,645,-33,610,414,221,426,422,218,592,387,225,443,399,223,647,339,-71,388,348,-75,
528,1320,-810,540,1339,-779,548,1339,-779,555,1338,-779,518,1337,-777,512,1336,-778,505,1334,-778,566,1325,-545,499,1322,-539,546,1298,-721,513,1297,-719,636,1181,-337,438,1183,-356,697,1025,-187,371,1030,-258,776,886,-333,309,889,-439,809,848,-379,282,853,-497,808,848,-474,285,850,-589,797,858,-372,296,859,-481,590,887,8,467,894,-8,602,626,-4,447,643,-18,610,414,250,427,421,254,592,386,255,444,399,261,647,338,-40,388,348,-34,
528,1319,-757,541,1338,-724,548,1338,-724,555,1337,-724,518,1337,-722,512,1336,-723,505,1334,-722,566,1324,-493,499,1321,-486,546,1297,-668,513,1296,-667,636,1180,-301,438,1181,-314,680,1020,-182,387,1031,-230,746,875,-314,333,883,-402,776,834,-362,309,847,-462,770,832,-453,315,843,-548,759,845,-353,327,853,-440,589,886,8,467,893,-8,602,625,-6,447,643,-18,610,414,247,427,421,247,592,386,253,445,399,253,648,338,-42,387,348,-40,
528,1319,-706,541,1338,-677,548,1338,-677,555,1337,-677,519,1337,-674,512,1336,-674,505,1334,-674,566,1324,-473,499,1321,-459,546,1297,-623,513,1296,-621,636,1180,-280,440,1180,-309,667,1017,-118,401,1025,-182,721,866,-251,354,879,-340,747,829,-297,332,842,-398,743,824,-385,341,838,-479,732,837,-290,352,849,-377,588,886,8,467,893,-8,602,623,-14,447,643,-28,610,414,235,428,421,230,591,386,240,446,399,236,647,338,-52,386,348,-52,
528,1319,-657,541,1338,-627,548,1338,-627,555,1337,-627,518,1337,-623,512,1336,-623,505,1334,-623,566,1324,-412,499,1321,-397,546,1297,-573,513,1296,-570,636,1180,-229,441,1180,-241,659,1017,-79,416,1022,-127,698,867,-216,377,874,-291,720,823,-264,357,833,-351,714,817,-349,367,830,-432,704,832,-253,376,843,-328,588,887,8,467,894,-8,602,623,-36,447,643,-43,608,414,222,428,421,216,588,386,229,446,399,223,647,338,-64,386,348,-68,
527,1319,-655,541,1339,-624,548,1338,-624,555,1338,-624,518,1337,-621,512,1336,-621,505,1335,-621,567,1324,-402,500,1321,-387,545,1297,-570,514,1297,-566,637,1179,-219,442,1181,-231,649,1012,-78,427,1027,-126,678,865,-217,391,883,-285,694,818,-265,375,845,-345,687,813,-350,384,841,-425,677,830,-254,392,853,-322,587,887,8,467,894,-8,602,623,-38,447,643,-49,607,414,224,428,421,217,586,386,230,446,399,223,647,339,-63,385,348,-69,
527,1318,-742,541,1338,-711,549,1338,-710,555,1337,-711,518,1337,-709,512,1336,-709,505,1334,-709,567,1323,-479,500,1320,-471,545,1296,-653,514,1296,-651,639,1175,-287,443,1181,-297,649,1006,-139,429,1022,-180,661,860,-247,402,878,-296,671,813,-296,393,839,-359,662,808,-361,400,836,-441,654,825,-260,406,848,-338,586,886,8,467,894,-8,602,625,-34,447,645,-45,606,415,224,428,422,223,586,387,231,446,400,230,645,339,-63,386,349,-68,
528,1318,-830,542,1338,-800,550,1338,-800,557,1337,-800,519,1337,-799,512,1336,-799,505,1334,-799,569,1323,-562,500,1320,-555,547,1296,-737,514,1296,-735,640,1174,-342,443,1181,-355,645,1010,-157,431,1023,-201,641,871,-260,412,883,-318,640,828,-303,408,845,-375,633,824,-379,415,842,-454,630,838,-288,420,853,-356,586,888,8,467,897,-8,602,630,-35,447,646,-43,607,415,225,427,423,230,587,387,231,445,400,237,646,339,-83,386,349,-70,
529,1318,-895,543,1338,-866,551,1338,-866,558,1337,-866,519,1337,-864,512,1336,-864,505,1334,-864,569,1323,-622,500,1320,-612,548,1296,-799,514,1296,-797,641,1174,-393,443,1180,-398,646,1011,-210,433,1022,-241,643,870,-319,413,881,-363,642,829,-359,410,843,-414,634,825,-439,416,840,-494,630,840,-351,421,852,-398,586,889,6,467,898,-6,601,634,-41,447,647,-36,608,415,222,427,424,243,589,387,227,445,401,249,646,338,-99,386,349,-69,
528,1318,-883,543,1338,-854,551,1337,-854,558,1336,-854,519,1336,-851,512,1335,-852,505,1334,-852,569,1322,-615,500,1320,-601,547,1295,-789,514,1295,-785,641,1174,-396,443,1180,-393,647,1011,-233,434,1023,-254,652,867,-355,411,885,-389,656,825,-400,407,846,-444,646,823,-483,413,844,-524,640,838,-388,417,856,-424,586,889,6,466,898,-6,599,634,-46,447,648,-36,608,415,211,427,425,241,589,387,216,445,402,247,647,337,-108,386,349,-71,
528,1317,-883,543,1337,-853,551,1337,-853,558,1336,-853,519,1336,-852,512,1335,-852,505,1333,-852,569,1322,-610,500,1319,-603,547,1294,-788,514,1295,-786,641,1174,-391,443,1181,-399,651,1010,-229,432,1024,-267,657,866,-357,409,886,-405,662,824,-403,404,848,-462,651,822,-487,410,845,-542,645,836,-391,414,857,-441,586,890,7,466,899,-7,598,635,-43,447,649,-36,608,416,219,426,425,242,589,388,226,444,402,249,646,337,-105,386,349,-67,
528,1316,-838,543,1337,-812,551,1337,-812,558,1336,-812,519,1336,-811,512,1334,-811,506,1333,-811,569,1322,-584,501,1319,-578,547,1293,-747,514,1294,-746,641,1175,-379,444,1181,-392,651,1008,-205,431,1024,-233,661,866,-326,403,884,-359,667,823,-373,396,846,-415,655,822,-454,402,844,-495,648,836,-358,408,855,-394,586,890,8,466,899,-8,598,635,-43,447,649,-41,608,416,220,425,426,240,588,388,228,442,403,248,646,337,-95,386,349,-67,
528,1316,-821,543,1337,-792,551,1336,-792,558,1335,-792,519,1335,-791,513,1334,-791,506,1333,-791,569,1322,-559,501,1319,-552,547,1293,-729,515,1294,-728,641,1175,-355,444,1181,-365,650,1009,-197,431,1026,-228,662,867,-324,401,886,-360,668,825,-370,393,848,-416,656,823,-452,400,846,-495,650,837,-357,406,857,-395,586,890,8,466,899,-9,598,635,-42,447,650,-43,608,417,220,424,426,232,588,388,227,441,403,240,646,337,-91,386,349,-71,
528,1316,-732,542,1337,-700,551,1336,-700,558,1335,-700,520,1335,-699,513,1334,-699,507,1333,-699,569,1321,-468,501,1319,-464,547,1293,-642,515,1294,-642,640,1175,-279,444,1181,-294,649,1008,-139,430,1024,-178,662,866,-282,400,883,-325,669,824,-332,391,844,-384,657,822,-414,399,842,-462,650,837,-317,406,854,-360,586,890,8,466,898,-9,598,635,-41,447,650,-47,608,417,220,424,427,229,588,388,227,440,403,236,646,337,-82,386,349,-71,
529,1316,-749,542,1337,-718,551,1336,-718,558,1335,-718,520,1335,-717,513,1334,-717,507,1333,-717,569,1321,-485,501,1319,-479,547,1293,-659,515,1294,-658,640,1175,-289,444,1181,-301,650,1008,-146,430,1024,-185,661,867,-286,399,881,-334,669,824,-334,391,842,-392,656,822,-416,399,839,-471,649,837,-320,405,852,-369,586,890,8,466,898,-9,599,635,-41,447,650,-46,608,417,221,423,427,229,588,388,227,440,403,236,646,337,-80,385,349,-69,
529,1317,-780,543,1337,-749,551,1336,-749,558,1335,-749,520,1336,-748,513,1335,-748,507,1333,-748,569,1322,-518,501,1319,-513,547,1294,-690,515,1295,-689,640,1175,-321,444,1181,-334,650,1009,-172,429,1024,-213,657,867,-301,401,880,-348,663,825,-348,393,841,-404,651,823,-428,401,838,-482,645,838,-334,407,851,-382,586,890,8,466,898,-9,599,635,-35,447,650,-38,608,417,221,423,427,229,588,388,227,440,403,236,646,337,-80,385,349,-69,
529,1318,-778,542,1337,-748,551,1336,-748,558,1336,-748,520,1336,-747,513,1335,-747,507,1333,-747,569,1322,-518,501,1319,-512,547,1294,-689,515,1295,-688,640,1175,-322,444,1181,-333,648,1010,-176,429,1024,-212,655,868,-303,402,880,-346,660,826,-349,395,838,-401,648,824,-429,404,836,-479,642,838,-336,409,849,-380,586,891,8,466,899,-8,598,636,-33,447,651,-36,608,417,217,423,426,227,588,387,222,440,403,233,646,337,-83,385,349,-69,
528,1318,-781,542,1337,-751,550,1337,-751,557,1336,-752,520,1336,-750,513,1335,-750,507,1333,-750,569,1322,-524,501,1319,-514,547,1295,-693,515,1296,-690,640,1175,-329,444,1181,-334,648,1010,-184,429,1024,-213,654,868,-310,405,879,-347,658,825,-356,398,837,-402,646,823,-436,407,835,-480,640,838,-343,413,849,-381,586,891,7,466,899,-8,598,636,-32,448,651,-34,608,417,217,423,426,227,588,387,222,440,403,233,646,337,-82,385,349,-69,
528,1318,-768,542,1337,-738,550,1337,-738,557,1336,-738,520,1336,-736,513,1335,-736,507,1333,-736,569,1322,-513,501,1319,-503,547,1295,-680,515,1296,-678,640,1176,-323,444,1182,-326,647,1010,-183,429,1023,-207,654,869,-310,405,879,-342,661,826,-357,399,836,-398,648,824,-436,408,834,-475,642,839,-343,414,848,-376,586,891,7,467,899,-7,598,636,-32,448,651,-34,608,417,217,424,426,223,588,387,222,441,403,229,645,337,-82,385,349,-70,
528,1318,-741,542,1337,-711,550,1337,-711,557,1336,-711,520,1336,-709,513,1335,-709,507,1334,-709,569,1322,-488,501,1319,-476,546,1295,-655,515,1296,-652,640,1176,-304,444,1182,-307,647,1010,-172,429,1023,-194,655,869,-304,404,877,-333,662,826,-352,397,834,-390,649,824,-431,408,832,-466,643,839,-337,414,846,-367,586,891,7,467,898,-7,598,635,-32,448,651,-34,608,417,218,424,426,223,588,387,223,441,402,229,644,338,-74,385,349,-67,
528,1318,-735,542,1337,-705,550,1337,-705,557,1336,-705,520,1336,-703,513,1335,-703,507,1333,-703,568,1322,-481,501,1319,-468,546,1295,-648,515,1296,-644,640,1177,-294,444,1182,-297,647,1011,-158,429,1023,-185,656,868,-294,404,878,-330,663,826,-342,397,834,-387,650,824,-422,407,832,-464,644,839,-327,413,846,-364,586,890,6,467,898,-6,598,635,-33,448,651,-34,608,417,222,424,426,228,588,387,228,442,402,235,644,338,-66,385,349,-56,
528,1316,-742,542,1336,-712,550,1336,-712,557,1335,-712,520,1335,-710,513,1333,-710,507,1332,-710,568,1322,-486,501,1318,-475,546,1294,-654,515,1294,-651,640,1178,-293,444,1182,-300,647,1011,-151,428,1023,-187,656,869,-287,404,877,-332,663,827,-335,396,834,-389,650,825,-415,407,832,-467,644,839,-321,413,846,-366,586,889,6,467,897,-6,598,634,-34,448,650,-34,608,417,222,425,426,229,588,387,229,443,402,236,644,337,-66,385,348,-55,
529,1315,-715,542,1336,-686,550,1336,-686,557,1335,-686,520,1334,-684,513,1333,-684,507,1331,-684,568,1322,-460,501,1318,-450,547,1293,-628,515,1293,-625,640,1178,-270,444,1182,-281,647,1011,-130,428,1022,-172,656,869,-270,403,877,-323,663,827,-319,396,833,-381,650,825,-399,407,831,-458,644,839,-304,413,846,-357,586,888,6,467,896,-6,598,633,-35,448,648,-35,608,416,222,425,426,229,588,387,229,443,402,237,644,337,-65,385,348,-54,
529,1315,-716,542,1336,-686,550,1336,-686,557,1335,-686,520,1334,-684,513,1333,-684,507,1331,-684,568,1322,-460,501,1318,-450,547,1293,-628,515,1293,-626,640,1178,-269,443,1182,-283,646,1011,-132,428,1022,-174,655,869,-274,403,876,-324,662,827,-323,396,833,-382,649,825,-403,407,831,-459,643,840,-308,414,845,-358,586,888,6,467,896,-6,598,633,-35,449,646,-37,608,416,228,425,426,231,588,387,235,443,402,239,644,337,-58,385,347,-52,
529,1315,-722,542,1336,-692,550,1336,-692,557,1335,-692,520,1334,-691,514,1333,-691,507,1331,-691,568,1322,-466,501,1318,-456,547,1293,-635,515,1293,-632,640,1179,-275,443,1182,-287,646,1011,-137,428,1021,-177,655,869,-276,404,876,-326,661,827,-323,396,833,-384,649,825,-405,408,831,-461,643,840,-310,414,845,-360,586,888,6,467,896,-6,599,633,-34,449,646,-37,609,416,228,425,426,231,589,387,235,443,401,240,644,337,-59,385,347,-52,
529,1315,-711,542,1336,-680,550,1336,-680,557,1335,-680,520,1334,-678,514,1333,-678,507,1332,-678,568,1323,-453,501,1318,-444,547,1293,-623,515,1294,-621,640,1179,-265,443,1182,-279,646,1011,-130,428,1021,-172,654,869,-275,404,876,-323,661,827,-324,397,833,-382,649,825,-404,408,831,-458,643,840,-309,414,845,-356,586,888,6,467,896,-6,599,633,-35,449,646,-38,609,417,229,424,425,232,590,387,237,443,401,240,644,337,-58,385,347,-52,
528,1316,-703,541,1336,-672,549,1336,-672,557,1335,-672,520,1334,-670,513,1333,-670,507,1332,-670,568,1323,-444,501,1319,-434,546,1293,-615,515,1294,-612,639,1179,-258,443,1182,-270,646,1011,-126,428,1021,-164,654,869,-275,404,876,-318,661,827,-325,396,833,-378,649,826,-405,408,831,-454,643,840,-309,414,846,-352,586,888,6,467,895,-6,599,633,-35,449,646,-38,609,417,232,424,425,235,590,387,239,443,401,244,644,337,-56,385,347,-49,
528,1316,-697,541,1336,-666,549,1336,-666,557,1335,-666,520,1335,-664,513,1333,-664,507,1332,-664,568,1323,-440,501,1319,-430,546,1293,-610,515,1294,-607,639,1180,-254,443,1183,-268,646,1011,-122,428,1021,-163,654,869,-272,403,876,-317,661,827,-323,396,833,-377,649,826,-403,408,831,-453,643,840,-306,414,845,-350,586,888,6,467,895,-6,599,633,-37,449,646,-40,609,417,233,424,425,235,590,387,241,442,401,244,644,337,-53,385,347,-48,
528,1317,-696,541,1337,-665,549,1337,-665,557,1336,-665,520,1335,-663,513,1334,-663,507,1333,-663,567,1323,-439,501,1320,-428,546,1294,-609,515,1295,-606,639,1181,-253,443,1183,-266,646,1011,-118,428,1021,-160,654,869,-269,403,876,-314,661,827,-320,396,833,-374,649,826,-399,408,830,-451,643,840,-303,414,845,-348,586,888,6,467,895,-6,599,633,-38,449,646,-40,609,417,233,424,425,237,590,387,242,442,401,247,644,337,-54,385,347,-46,
528,1318,-694,541,1338,-662,549,1337,-662,557,1336,-662,520,1336,-660,513,1335,-660,507,1334,-660,567,1324,-437,501,1320,-426,545,1295,-607,515,1296,-604,639,1182,-253,443,1184,-265,646,1011,-118,427,1021,-160,654,869,-267,403,876,-313,661,827,-318,396,833,-373,649,826,-397,408,830,-450,643,840,-301,414,845,-347,586,888,6,467,895,-6,599,633,-38,449,646,-40,609,417,233,424,425,238,590,387,241,442,401,247,644,337,-54,385,347,-44,
528,1320,-689,541,1339,-657,549,1338,-657,556,1337,-657,520,1337,-655,513,1336,-655,507,1334,-655,567,1325,-432,501,1321,-421,545,1297,-602,515,1297,-600,639,1183,-251,442,1184,-262,647,1011,-118,427,1021,-158,654,869,-267,403,876,-311,661,828,-318,396,833,-372,648,826,-397,408,830,-448,643,840,-301,415,845,-345,586,889,6,467,895,-6,599,633,-37,450,645,-39,609,417,233,424,425,240,590,388,241,442,401,249,644,337,-54,385,347,-41,
528,1321,-683,541,1339,-651,549,1339,-651,556,1338,-651,520,1338,-649,513,1336,-649,507,1335,-649,567,1325,-427,501,1321,-415,545,1297,-597,515,1298,-594,639,1183,-247,442,1184,-256,647,1011,-116,427,1021,-152,654,869,-268,403,876,-308,661,828,-319,395,833,-369,648,826,-398,408,831,-445,643,840,-302,415,845,-343,586,889,6,467,895,-6,599,633,-38,450,645,-39,610,417,233,425,425,240,590,388,241,442,401,248,645,337,-55,385,347,-42,
