559,1308,-337,568,1328,-291,574,1328,-290,582,1327,-291,546,1326,-292,537,1326,-292,529,1326,-292,590,1313,-86,516,1316,-90,570,1286,-263,543,1285,-265,638,1218,-112,470,1222,-60,663,1373,-277,431,1395,-213,656,1531,-341,429,1563,-291,656,1564,-421,430,1591,-370,646,1572,-414,447,1595,-361,642,1561,-353,452,1586,-306,604,879,-18,480,881,18,619,611,21,451,623,72,619,402,331,448,407,399,601,377,348,469,386,416,647,319,90,411,329,183,
557,1306,-574,566,1326,-536,574,1326,-536,581,1326,-536,545,1325,-536,536,1325,-536,528,1325,-536,590,1312,-339,516,1315,-335,569,1285,-500,542,1284,-498,638,1219,-340,471,1222,-285,661,1374,-538,432,1394,-437,655,1532,-646,430,1561,-500,656,1566,-729,430,1591,-569,646,1573,-723,447,1596,-566,641,1562,-657,452,1587,-513,604,882,-18,480,883,17,621,615,45,453,624,91,619,402,359,448,407,420,600,377,377,467,386,437,647,321,122,409,327,202,
557,1304,-601,566,1325,-563,573,1325,-563,581,1325,-563,544,1324,-563,535,1324,-563,528,1324,-563,590,1312,-364,516,1315,-360,569,1284,-525,542,1284,-524,638,1219,-366,471,1223,-310,659,1373,-568,434,1393,-471,653,1532,-683,430,1560,-540,654,1567,-768,430,1591,-610,644,1574,-764,447,1597,-608,639,1562,-695,452,1588,-554,605,883,-18,480,884,17,621,617,53,454,624,103,619,402,374,448,407,434,600,377,391,466,386,451,647,321,135,408,325,213,
556,1304,-609,566,1324,-571,573,1324,-571,580,1324,-571,544,1323,-571,535,1324,-571,528,1324,-571,589,1312,-374,516,1314,-367,568,1284,-533,541,1284,-532,638,1219,-375,472,1223,-314,658,1373,-576,435,1393,-471,651,1532,-692,430,1560,-542,654,1567,-777,430,1591,-612,644,1573,-771,447,1598,-611,638,1562,-703,452,1590,-556,605,884,-18,480,885,18,622,617,55,455,624,107,619,402,375,448,407,440,600,377,392,466,386,457,647,321,135,408,324,220,
556,1304,-612,565,1324,-575,573,1324,-575,580,1324,-575,544,1323,-575,535,1324,-575,528,1324,-575,589,1311,-377,516,1314,-373,568,1284,-537,541,1284,-536,638,1219,-377,472,1223,-319,656,1373,-574,435,1393,-478,651,1532,-690,431,1560,-550,654,1566,-776,431,1592,-619,643,1573,-771,447,1600,-619,637,1562,-702,453,1592,-563,605,885,-19,480,886,18,623,618,55,456,625,111,620,401,370,448,407,438,600,377,388,466,386,454,647,321,129,408,324,217,
556,1303,-626,565,1323,-588,572,1323,-588,580,1323,-588,544,1323,-588,535,1323,-588,528,1323,-588,589,1311,-386,516,1314,-384,568,1284,-549,541,1284,-549,637,1219,-385,472,1223,-333,655,1373,-583,437,1393,-499,651,1531,-702,433,1560,-571,654,1566,-788,431,1594,-642,643,1573,-783,447,1603,-641,637,1561,-714,453,1593,-585,605,885,-19,480,886,18,623,618,63,456,625,115,620,401,386,448,407,449,600,377,404,465,386,466,648,321,142,408,323,223,
556,1302,-621,565,1323,-584,572,1323,-584,579,1322,-584,544,1322,-584,535,1323,-584,528,1323,-584,589,1310,-384,516,1314,-381,567,1283,-545,541,1283,-544,637,1219,-384,473,1223,-327,654,1372,-582,437,1393,-490,651,1527,-701,433,1560,-564,654,1565,-787,432,1594,-634,643,1573,-783,448,1604,-635,637,1561,-713,454,1594,-578,605,885,-19,480,886,19,624,620,65,456,625,119,621,402,384,448,407,449,600,377,401,465,385,466,648,322,140,407,323,224,
555,1302,-629,565,1322,-591,572,1322,-591,579,1322,-591,544,1322,-592,535,1322,-592,528,1323,-592,588,1310,-389,516,1313,-390,567,1282,-552,541,1282,-552,637,1219,-385,472,1223,-337,652,1372,-580,438,1393,-503,651,1526,-694,434,1560,-571,653,1565,-779,432,1595,-640,643,1572,-773,448,1604,-640,637,1560,-705,454,1595,-585,605,885,-19,481,886,18,624,620,70,457,625,120,621,402,389,448,407,452,600,377,407,465,385,469,648,322,147,407,323,227,
555,1302,-614,565,1322,-576,572,1322,-576,579,1321,-576,543,1321,-577,535,1322,-577,527,1322,-577,588,1309,-376,516,1313,-374,567,1282,-538,541,1282,-537,636,1219,-375,473,1223,-322,651,1372,-570,438,1393,-484,650,1525,-680,434,1560,-551,653,1565,-765,432,1595,-620,643,1572,-759,448,1604,-618,637,1560,-692,454,1595,-564,605,885,-19,481,886,18,624,621,68,457,625,120,621,402,394,448,407,457,600,378,413,465,385,474,648,322,156,407,322,234,
555,1301,-618,564,1321,-580,572,1321,-580,579,1321,-580,543,1321,-580,535,1321,-580,527,1322,-580,588,1309,-379,516,1312,-376,567,1281,-541,540,1281,-541,636,1219,-379,473,1222,-324,649,1373,-576,438,1393,-483,649,1525,-685,434,1560,-548,653,1565,-770,431,1596,-617,642,1572,-764,447,1605,-615,635,1560,-697,454,1595,-561,605,885,-18,481,886,18,625,621,67,457,624,118,621,402,407,448,407,463,600,378,427,465,385,482,648,322,172,407,322,240,
554,1301,-655,564,1321,-616,571,1321,-616,578,1321,-616,543,1321,-617,534,1321,-617,527,1321,-617,588,1309,-415,515,1311,-412,566,1281,-578,540,1281,-578,636,1219,-413,473,1221,-357,649,1373,-610,438,1392,-513,648,1526,-718,430,1560,-582,652,1565,-802,425,1595,-652,641,1573,-798,441,1604,-652,635,1560,-729,448,1594,-596,605,885,-17,481,885,17,625,620,65,457,623,117,621,402,405,448,406,459,600,378,425,464,384,478,649,322,166,407,322,237,
554,1301,-653,563,1321,-615,570,1321,-615,577,1321,-615,542,1321,-615,533,1321,-615,526,1321,-615,587,1309,-413,515,1311,-408,566,1281,-577,539,1281,-575,636,1219,-411,473,1219,-353,649,1373,-610,436,1391,-510,647,1527,-718,427,1560,-578,651,1566,-802,421,1595,-649,640,1573,-798,438,1604,-648,634,1561,-730,444,1594,-592,604,884,-17,481,885,17,625,620,61,457,621,117,622,402,403,448,405,458,600,378,423,464,383,476,649,321,162,407,321,235,
553,1301,-634,563,1321,-595,570,1321,-595,577,1321,-595,541,1321,-596,532,1321,-596,525,1321,-595,587,1309,-393,514,1311,-390,566,1281,-557,539,1280,-556,636,1219,-392,472,1219,-337,649,1374,-588,433,1389,-494,646,1530,-695,420,1560,-563,650,1567,-779,414,1595,-634,639,1574,-774,430,1604,-633,633,1562,-707,436,1594,-577,604,884,-17,481,885,17,625,620,59,457,621,111,623,402,400,449,404,446,600,378,419,465,382,464,650,321,156,407,321,218,
552,1301,-644,562,1322,-606,569,1322,-606,577,1321,-606,539,1321,-607,531,1321,-607,524,1321,-607,587,1309,-403,512,1311,-401,565,1281,-566,537,1280,-565,635,1219,-395,471,1219,-345,649,1375,-593,431,1389,-503,645,1534,-704,415,1562,-577,648,1570,-789,409,1599,-648,638,1576,-783,425,1609,-650,632,1564,-716,431,1598,-592,604,885,-17,481,886,17,625,620,59,457,621,111,623,402,395,449,404,445,600,378,413,465,382,462,651,321,145,407,320,213,
551,1301,-638,561,1322,-598,568,1322,-598,576,1321,-598,538,1321,-599,530,1321,-599,522,1321,-599,586,1309,-393,511,1311,-391,564,1281,-560,536,1280,-560,634,1219,-392,471,1219,-338,649,1376,-590,426,1389,-501,643,1536,-693,408,1562,-568,646,1571,-774,403,1598,-633,635,1577,-767,418,1609,-639,629,1565,-704,424,1598,-584,604,885,-17,481,886,17,625,622,64,458,622,112,623,403,392,450,404,442,600,379,409,466,382,458,651,322,145,407,320,212,
550,1301,-639,559,1322,-601,567,1322,-601,574,1321,-601,536,1321,-602,528,1321,-602,521,1321,-602,585,1309,-399,509,1311,-399,563,1281,-561,534,1281,-561,634,1219,-390,470,1219,-346,648,1376,-583,426,1389,-504,642,1536,-688,408,1563,-572,644,1570,-770,402,1600,-640,633,1577,-764,418,1609,-644,627,1565,-700,424,1599,-588,604,885,-16,480,886,16,625,622,71,458,622,111,623,404,392,451,403,437,600,380,409,467,381,452,651,323,145,407,319,205,
543,1302,-630,554,1322,-595,562,1322,-594,570,1322,-595,531,1321,-592,524,1321,-592,516,1321,-591,581,1310,-396,506,1311,-382,558,1282,-555,529,1281,-550,632,1219,-387,467,1219,-331,646,1376,-580,424,1389,-480,638,1537,-688,405,1563,-556,639,1572,-771,400,1600,-625,627,1579,-764,415,1609,-630,621,1567,-698,421,1599,-572,603,885,-17,480,886,17,623,622,73,458,622,116,622,404,395,452,402,443,599,380,412,468,380,458,651,323,151,407,318,211,
534,1302,-608,547,1322,-573,555,1322,-573,564,1322,-573,523,1321,-568,515,1321,-568,508,1320,-568,577,1310,-383,501,1310,-356,551,1282,-536,522,1281,-527,629,1220,-383,465,1219,-308,641,1380,-578,420,1389,-451,632,1542,-686,401,1563,-519,631,1578,-769,394,1601,-589,620,1584,-763,409,1610,-592,615,1572,-697,415,1599,-535,601,883,-18,478,884,17,621,621,74,458,620,116,621,403,411,452,399,450,598,379,430,468,378,467,650,323,172,407,317,219,
528,1302,-707,542,1322,-673,550,1322,-673,559,1322,-673,517,1321,-670,509,1321,-670,502,1320,-670,573,1310,-479,494,1310,-462,545,1283,-632,515,1282,-627,623,1221,-472,458,1219,-414,628,1385,-677,418,1389,-578,623,1549,-778,398,1564,-636,622,1584,-861,389,1602,-703,611,1589,-854,402,1610,-707,606,1578,-788,409,1599,-652,600,882,-17,476,882,17,619,621,87,458,620,126,620,403,421,453,397,463,597,379,439,468,376,480,650,323,182,408,315,232,
523,1303,-718,535,1322,-686,544,1322,-686,553,1322,-686,511,1321,-681,503,1321,-681,497,1320,-681,568,1310,-499,488,1310,-473,539,1284,-645,509,1283,-638,616,1223,-510,452,1219,-415,619,1391,-739,413,1389,-572,607,1554,-853,394,1564,-642,611,1588,-940,381,1603,-707,598,1591,-927,394,1610,-713,592,1580,-861,401,1599,-658,596,883,-25,474,882,24,613,622,86,458,621,147,618,406,416,453,396,494,596,382,434,468,375,512,648,326,177,408,315,271,
514,1302,-656,526,1321,-630,534,1321,-630,544,1321,-630,502,1320,-621,496,1320,-621,489,1319,-621,559,1310,-484,482,1310,-422,530,1283,-590,501,1283,-577,607,1224,-468,445,1219,-353,606,1394,-680,406,1387,-480,593,1559,-791,383,1561,-562,594,1594,-877,370,1597,-624,582,1596,-867,382,1602,-632,577,1585,-800,390,1592,-579,592,883,-26,469,882,25,607,621,53,457,620,126,615,405,397,452,394,470,595,382,417,466,375,489,646,326,170,411,315,253,
499,1301,-706,511,1320,-681,519,1320,-681,528,1321,-681,489,1318,-672,482,1318,-672,474,1318,-672,546,1310,-515,468,1309,-468,516,1283,-638,491,1281,-625,598,1230,-529,432,1219,-397,595,1399,-773,389,1386,-530,576,1567,-894,365,1561,-606,570,1601,-981,355,1597,-666,557,1603,-968,366,1602,-673,554,1594,-902,374,1592,-623,587,886,-30,465,883,29,603,623,50,455,622,133,613,406,383,452,397,476,593,382,402,466,377,494,645,327,154,413,317,258,
486,1301,-689,497,1320,-659,506,1320,-659,515,1321,-659,477,1318,-653,469,1318,-653,461,1317,-653,536,1311,-489,457,1308,-449,503,1283,-618,480,1281,-609,589,1230,-510,420,1219,-395,581,1401,-748,374,1385,-498,548,1573,-866,349,1556,-584,539,1608,-950,338,1589,-638,527,1609,-937,349,1596,-646,523,1601,-873,358,1586,-601,583,888,-36,460,883,36,601,624,36,450,623,137,613,405,346,449,403,473,594,381,362,465,382,491,643,327,106,414,320,255,
472,1301,-605,480,1320,-581,489,1321,-581,498,1322,-582,460,1318,-569,452,1318,-569,445,1317,-569,520,1313,-433,442,1308,-371,488,1283,-544,465,1281,-527,578,1236,-479,412,1218,-301,559,1406,-720,360,1383,-394,521,1580,-805,333,1553,-466,514,1612,-875,320,1586,-517,503,1613,-860,332,1594,-523,498,1605,-807,342,1584,-481,579,889,-37,456,883,36,600,627,38,444,623,136,613,407,354,445,418,472,595,384,371,462,397,490,644,328,116,416,328,265,
459,1302,-611,466,1322,-593,474,1324,-593,483,1325,-593,445,1319,-576,437,1318,-576,431,1317,-576,505,1317,-448,427,1308,-387,476,1285,-557,453,1282,-537,564,1238,-488,404,1216,-311,539,1407,-715,344,1377,-425,502,1579,-817,315,1544,-499,491,1611,-895,302,1578,-552,478,1612,-880,314,1586,-559,476,1604,-821,324,1576,-514,574,892,-38,452,884,38,597,638,41,442,628,137,615,413,348,438,430,471,601,390,364,451,407,489,643,333,113,416,332,263,
441,1302,-568,447,1323,-548,453,1324,-548,462,1326,-548,426,1318,-533,420,1317,-533,413,1316,-533,485,1320,-415,411,1307,-343,459,1286,-514,437,1283,-494,550,1244,-471,394,1215,-272,518,1411,-684,331,1372,-350,471,1581,-763,294,1534,-412,461,1612,-831,277,1569,-457,443,1613,-816,293,1579,-465,439,1604,-765,305,1568,-428,569,893,-40,448,885,40,596,641,31,437,631,134,620,419,322,433,431,440,613,398,338,443,409,455,643,342,96,416,335,240,
428,1303,-574,432,1323,-551,439,1325,-551,447,1328,-551,412,1318,-539,406,1317,-539,401,1316,-539,469,1323,-410,399,1307,-352,446,1288,-517,425,1283,-501,538,1246,-455,385,1214,-288,500,1414,-651,315,1366,-381,446,1581,-730,271,1524,-442,432,1612,-798,252,1560,-488,414,1613,-784,271,1571,-493,412,1604,-734,284,1560,-456,565,899,-40,445,888,39,597,646,33,437,636,126,635,420,302,433,436,398,632,398,315,443,415,411,654,351,77,416,341,194,
419,1304,-562,422,1324,-538,429,1327,-538,437,1329,-538,403,1319,-527,396,1317,-527,390,1316,-527,456,1325,-395,388,1306,-340,438,1290,-504,415,1284,-489,526,1249,-441,374,1213,-269,479,1413,-639,302,1360,-359,413,1580,-726,248,1514,-433,397,1611,-797,228,1552,-480,382,1612,-784,244,1562,-489,381,1603,-731,259,1551,-448,561,904,-44,442,890,44,600,653,23,438,637,127,658,427,267,433,436,389,661,402,277,444,415,400,670,357,28,416,343,183,
408,1304,-576,412,1325,-547,420,1327,-547,427,1330,-547,394,1319,-540,386,1317,-540,379,1315,-540,445,1326,-414,379,1306,-349,429,1290,-513,405,1284,-502,516,1252,-469,365,1213,-277,461,1413,-695,288,1358,-372,390,1580,-809,224,1513,-452,372,1611,-885,204,1550,-502,358,1611,-869,217,1560,-511,358,1601,-814,230,1549,-468,561,908,-56,443,892,55,615,657,-22,438,637,135,687,434,202,437,434,397,690,408,210,451,413,408,696,363,-54,419,342,187,
398,1304,-529,402,1325,-505,409,1328,-505,416,1331,-505,383,1319,-494,375,1317,-494,367,1315,-494,433,1326,-365,366,1304,-307,420,1291,-473,394,1284,-457,504,1254,-415,355,1212,-239,442,1413,-622,277,1353,-325,369,1578,-714,210,1505,-398,348,1608,-786,190,1538,-446,334,1607,-772,202,1547,-455,335,1597,-719,216,1537,-413,560,910,-55,442,892,54,626,663,-9,438,636,111,707,448,213,441,433,351,705,423,220,458,412,359,736,377,-35,421,341,136,
381,1306,-537,386,1327,-510,394,1329,-510,401,1332,-510,367,1319,-498,360,1317,-498,353,1315,-498,417,1327,-358,353,1303,-301,404,1293,-479,378,1286,-463,491,1255,-406,347,1210,-232,426,1414,-613,264,1346,-323,347,1576,-697,190,1488,-400,327,1606,-771,166,1520,-455,309,1601,-759,179,1531,-462,309,1590,-703,194,1521,-416,560,911,-53,443,892,53,643,670,-1,439,636,107,736,460,232,450,431,351,737,435,241,466,409,360,772,393,-17,426,340,130,
369,1306,-526,370,1326,-502,377,1329,-502,383,1332,-502,354,1318,-488,347,1316,-488,341,1313,-488,398,1327,-356,341,1301,-293,391,1293,-470,366,1286,-452,478,1258,-405,341,1208,-218,410,1415,-608,253,1340,-286,328,1572,-685,174,1480,-352,303,1599,-755,147,1512,-401,286,1593,-742,161,1521,-411,288,1582,-690,178,1512,-369,559,912,-52,443,892,51,654,683,-18,440,638,105,766,484,195,456,431,345,761,458,204,474,408,354,804,415,-40,428,340,138,
358,1303,-571,361,1324,-552,367,1328,-552,374,1331,-552,343,1314,-531,338,1311,-531,331,1307,-531,390,1325,-418,332,1295,-322,381,1292,-519,356,1283,-491,470,1258,-478,339,1201,-236,397,1415,-706,243,1335,-302,314,1564,-797,160,1467,-377,287,1593,-870,132,1501,-425,272,1586,-854,148,1510,-437,274,1573,-800,165,1500,-395,560,911,-57,443,891,57,666,692,-47,444,638,139,792,496,172,462,430,409,789,469,180,481,408,421,834,423,-79,427,340,213,
351,1299,-547,354,1321,-527,360,1325,-527,367,1328,-527,336,1310,-508,330,1307,-508,324,1303,-508,382,1323,-397,325,1291,-304,374,1289,-495,348,1278,-469,465,1257,-468,332,1197,-204,391,1411,-689,237,1327,-246,302,1553,-790,146,1458,-331,274,1584,-853,117,1492,-376,260,1578,-834,133,1501,-393,262,1564,-787,151,1491,-351,560,912,-64,443,890,63,679,699,-80,448,637,145,827,511,117,466,430,408,833,488,123,489,407,418,863,436,-130,427,341,209,
344,1299,-458,346,1320,-434,352,1324,-434,358,1327,-434,328,1309,-415,323,1306,-415,317,1303,-415,373,1322,-300,319,1291,-214,365,1289,-408,341,1278,-383,458,1258,-387,325,1196,-133,376,1407,-610,229,1319,-179,286,1543,-684,135,1449,-258,259,1575,-751,105,1482,-305,245,1568,-736,121,1492,-317,248,1554,-686,138,1482,-276,560,913,-62,444,889,62,687,705,-79,452,638,142,849,524,109,469,430,396,853,500,115,491,405,405,890,458,-122,427,343,206,
341,1299,-479,342,1319,-452,348,1323,-452,354,1326,-452,324,1308,-439,318,1305,-439,313,1302,-439,367,1321,-306,314,1290,-243,363,1289,-423,338,1278,-405,453,1258,-379,318,1195,-162,368,1404,-588,222,1316,-223,277,1538,-656,121,1443,-289,251,1569,-723,93,1475,-338,235,1563,-710,107,1485,-345,238,1549,-660,123,1475,-305,560,914,-61,444,887,60,697,705,-91,454,638,165,863,529,80,470,431,448,871,503,84,494,405,461,904,469,-161,428,344,266,
333,1298,-479,335,1318,-455,341,1321,-455,348,1324,-455,317,1307,-439,311,1304,-439,306,1300,-439,362,1320,-316,308,1288,-241,356,1288,-426,331,1277,-405,449,1259,-391,317,1193,-146,360,1404,-603,215,1313,-179,269,1535,-675,109,1438,-244,245,1565,-743,79,1467,-291,229,1559,-730,92,1478,-300,231,1546,-679,109,1469,-262,560,916,-64,444,887,64,706,705,-103,457,639,184,877,537,65,470,431,482,886,510,69,497,404,497,918,476,-186,428,345,297,
332,1295,-413,333,1316,-386,339,1319,-386,346,1323,-386,314,1305,-373,308,1301,-373,302,1298,-373,360,1318,-245,304,1286,-185,355,1286,-360,330,1274,-343,446,1259,-314,315,1191,-117,356,1401,-517,211,1309,-169,268,1524,-584,100,1432,-225,242,1559,-647,69,1462,-272,225,1553,-636,82,1471,-277,229,1538,-589,98,1463,-240,560,917,-59,444,886,59,714,707,-117,458,639,145,883,544,20,469,430,396,896,513,20,496,403,406,927,481,-221,429,345,214,
326,1295,-387,326,1315,-359,333,1319,-359,339,1322,-359,308,1304,-347,303,1300,-347,297,1296,-347,353,1318,-219,299,1285,-164,349,1286,-335,324,1274,-319,442,1259,-287,310,1191,-107,351,1402,-480,203,1308,-163,262,1527,-547,92,1428,-222,236,1560,-611,63,1458,-275,220,1553,-600,75,1467,-278,222,1540,-552,91,1459,-238,561,918,-54,445,885,53,719,708,-115,459,639,128,888,550,76,468,430,381,898,524,80,494,403,393,928,482,-171,431,345,199,
322,1294,-394,322,1313,-366,329,1317,-366,335,1321,-366,305,1301,-349,300,1298,-349,295,1294,-349,350,1317,-232,298,1283,-151,345,1286,-344,322,1274,-322,445,1259,-312,313,1189,-81,349,1402,-522,203,1307,-127,263,1522,-591,91,1427,-192,239,1557,-656,58,1458,-242,224,1551,-644,71,1468,-246,226,1537,-596,88,1459,-209,562,918,-60,445,883,60,718,707,-96,459,638,137,887,552,96,468,429,383,897,527,101,493,402,394,929,482,-147,429,344,208,
322,1294,-396,323,1313,-368,330,1317,-368,336,1320,-368,306,1301,-351,300,1298,-351,295,1294,-352,351,1316,-232,298,1283,-150,345,1286,-346,322,1274,-323,444,1259,-315,315,1189,-72,350,1402,-531,202,1306,-111,266,1521,-605,87,1427,-174,241,1557,-670,52,1458,-224,226,1552,-658,66,1469,-227,229,1537,-609,84,1459,-190,562,918,-69,445,882,68,716,706,-116,458,638,166,890,546,50,468,428,444,900,520,52,494,401,458,927,476,-207,425,344,264,
323,1294,-376,323,1313,-349,330,1317,-349,336,1320,-349,306,1301,-330,301,1297,-330,296,1294,-331,351,1316,-221,299,1283,-130,345,1287,-328,322,1274,-302,445,1259,-306,316,1189,-47,349,1402,-529,204,1304,-73,266,1521,-600,93,1424,-145,241,1558,-665,58,1456,-193,226,1553,-650,71,1467,-199,229,1538,-604,89,1457,-162,561,918,-74,444,882,73,712,705,-119,458,638,173,884,545,37,467,427,448,893,520,38,493,400,462,923,475,-214,422,343,269,
323,1294,-418,323,1312,-396,330,1316,-396,336,1320,-396,306,1300,-374,301,1296,-374,296,1293,-374,351,1316,-272,299,1282,-165,346,1286,-371,323,1273,-341,444,1259,-343,316,1189,-70,349,1405,-556,205,1305,-120,267,1522,-621,94,1426,-189,242,1559,-684,60,1457,-238,226,1553,-668,73,1468,-244,228,1539,-623,90,1459,-206,561,919,-78,444,884,78,707,705,-131,458,638,197,874,542,15,467,427,483,884,517,15,493,400,498,912,474,-250,422,343,304,
326,1293,-419,326,1312,-395,333,1316,-394,339,1320,-395,309,1299,-377,304,1295,-377,299,1292,-377,353,1316,-264,301,1281,-175,348,1286,-369,325,1273,-344,446,1259,-335,316,1189,-88,352,1405,-543,207,1306,-134,271,1521,-601,98,1429,-203,245,1559,-664,64,1460,-251,229,1553,-647,76,1470,-258,232,1538,-604,93,1461,-220,560,919,-78,444,884,77,703,704,-130,458,638,199,865,539,5,467,427,473,877,517,4,493,400,487,905,465,-251,422,343,299,
333,1295,-364,331,1313,-337,336,1317,-337,341,1321,-337,315,1301,-323,309,1297,-323,304,1293,-323,355,1316,-205,301,1282,-135,353,1288,-315,331,1275,-295,447,1260,-278,318,1192,-72,354,1406,-492,209,1307,-134,273,1521,-563,101,1431,-209,248,1559,-629,67,1460,-257,232,1554,-610,79,1471,-265,235,1538,-566,96,1463,-227,558,920,-78,444,886,77,691,703,-118,458,640,144,828,531,26,467,426,351,840,508,28,493,400,359,882,453,-225,422,341,173,
340,1297,-360,337,1316,-331,342,1320,-331,347,1323,-331,321,1303,-316,315,1299,-316,310,1295,-316,358,1318,-191,305,1283,-117,362,1290,-308,340,1277,-287,450,1263,-263,323,1194,-62,356,1406,-480,213,1309,-139,279,1522,-542,105,1434,-214,256,1561,-612,73,1464,-258,238,1554,-595,85,1474,-269,240,1539,-546,102,1466,-231,558,919,-74,444,886,73,684,696,-72,456,640,147,812,504,102,465,427,373,818,484,106,491,401,383,849,432,-138,423,340,193,
345,1299,-324,343,1317,-297,348,1321,-297,354,1324,-297,327,1305,-273,322,1301,-273,317,1298,-273,365,1319,-171,315,1286,-55,368,1291,-278,346,1279,-245,463,1264,-273,331,1195,35,368,1406,-487,216,1316,-10,293,1529,-544,114,1446,-134,269,1567,-639,81,1478,-192,253,1560,-600,93,1488,-208,255,1543,-557,111,1478,-158,558,918,-98,444,886,98,671,681,-119,453,640,209,793,471,34,465,427,456,802,454,33,493,402,467,806,400,-235,422,340,285,
355,1304,-330,354,1322,-298,360,1326,-298,366,1329,-298,338,1311,-282,332,1307,-282,327,1304,-282,380,1322,-155,326,1290,-77,379,1295,-279,356,1284,-256,473,1265,-245,337,1199,-8,385,1409,-465,224,1330,-68,309,1543,-511,130,1463,-160,285,1574,-587,101,1496,-197,268,1568,-563,114,1504,-215,271,1554,-514,129,1494,-179,558,918,-92,444,887,92,658,673,-115,450,640,198,770,460,40,464,427,454,778,441,39,493,402,464,780,389,-221,422,341,277,
372,1304,-309,371,1324,-273,376,1327,-273,381,1329,-273,355,1314,-262,349,1310,-262,343,1307,-262,397,1323,-113,341,1293,-55,393,1295,-252,371,1285,-235,484,1265,-184,343,1203,-11,403,1411,-399,237,1339,-83,324,1554,-441,150,1474,-174,304,1582,-515,124,1505,-246,287,1576,-493,135,1514,-242,289,1564,-444,150,1505,-190,558,918,-81,444,889,80,644,671,-61,449,643,109,736,455,160,462,430,417,739,437,167,489,409,436,732,386,-80,429,343,270,
388,1310,-303,387,1329,-264,391,1331,-264,397,1333,-264,370,1321,-255,364,1318,-255,358,1315,-255,412,1326,-100,353,1298,-50,408,1299,-245,386,1291,-231,495,1266,-169,349,1209,-21,424,1414,-381,248,1348,-115,342,1562,-431,163,1493,-207,324,1590,-507,139,1526,-286,306,1585,-490,150,1535,-282,307,1573,-436,165,1527,-224,557,918,-65,442,889,65,634,663,-30,446,643,117,710,443,168,459,434,414,710,426,172,482,415,433,716,372,-87,431,343,255,
399,1315,-317,399,1334,-280,404,1336,-280,410,1338,-280,381,1326,-270,375,1323,-270,369,1320,-270,427,1330,-119,365,1304,-65,419,1302,-260,396,1295,-244,508,1267,-186,357,1214,-30,443,1417,-410,265,1355,-141,365,1571,-477,188,1507,-244,347,1600,-552,166,1538,-319,330,1597,-534,178,1548,-321,331,1586,-481,191,1541,-263,556,917,-62,441,891,62,623,657,-29,442,643,116,686,431,177,456,434,409,684,415,181,476,414,427,695,354,-84,430,342,232,
408,1317,-325,411,1337,-289,416,1338,-289,422,1340,-289,393,1330,-271,386,1327,-271,380,1325,-270,441,1332,-134,376,1309,-74,428,1304,-268,405,1298,-251,519,1267,-194,365,1220,-71,463,1420,-409,281,1365,-212,391,1579,-483,206,1524,-303,375,1611,-558,185,1555,-378,358,1610,-542,197,1565,-377,358,1599,-488,209,1558,-320,556,913,-50,439,891,49,613,647,-13,437,640,91,660,423,256,451,434,423,655,406,268,467,413,446,680,348,5,432,342,242,
423,1318,-405,426,1338,-366,432,1340,-366,438,1341,-366,407,1331,-355,401,1329,-355,395,1326,-355,457,1333,-196,390,1311,-145,442,1304,-343,419,1298,-329,531,1266,-246,376,1222,-128,482,1421,-476,299,1371,-260,417,1582,-571,235,1535,-349,405,1615,-653,215,1568,-420,385,1614,-638,230,1578,-422,383,1603,-578,242,1570,-366,556,909,-47,439,891,47,606,642,12,429,640,103,648,419,299,442,434,441,642,401,312,458,411,460,668,346,44,430,341,244,
438,1319,-499,442,1339,-461,447,1341,-461,454,1342,-461,422,1333,-456,416,1331,-456,409,1329,-456,472,1333,-283,401,1314,-254,455,1304,-433,431,1299,-424,542,1266,-314,381,1227,-230,504,1422,-536,314,1381,-376,452,1586,-643,265,1553,-459,439,1620,-725,247,1588,-527,419,1621,-711,263,1598,-531,416,1610,-650,275,1588,-475,557,909,-41,439,894,41,596,646,30,427,642,111,636,417,298,433,435,438,631,400,310,444,413,457,653,344,48,429,342,239,
450,1321,-529,455,1342,-491,461,1343,-491,468,1344,-491,435,1337,-485,428,1335,-485,421,1333,-485,486,1334,-313,414,1319,-285,467,1305,-465,442,1301,-457,553,1262,-349,391,1229,-258,522,1423,-571,334,1388,-403,485,1591,-672,297,1557,-477,474,1626,-754,282,1592,-541,454,1627,-740,295,1600,-544,451,1614,-679,305,1591,-492,558,908,-34,439,894,34,591,647,38,424,643,114,630,414,295,428,438,433,622,394,305,436,415,452,651,341,48,426,344,225,
461,1323,-568,468,1344,-531,473,1345,-531,481,1345,-531,447,1339,-526,441,1338,-526,433,1336,-526,499,1334,-355,428,1321,-330,478,1306,-503,454,1303,-496,565,1257,-383,401,1230,-294,542,1423,-598,348,1392,-423,506,1594,-694,319,1563,-482,499,1629,-770,307,1595,-541,483,1629,-756,320,1603,-542,479,1617,-700,328,1594,-495,560,906,-31,439,894,31,588,643,46,422,645,120,622,411,293,423,446,436,612,391,303,433,427,454,647,340,47,421,346,227,
478,1324,-616,483,1344,-582,489,1345,-581,497,1346,-582,463,1340,-579,456,1339,-579,449,1337,-579,514,1334,-405,442,1323,-392,492,1307,-550,469,1303,-546,576,1254,-410,413,1230,-362,562,1423,-608,363,1396,-501,528,1595,-697,341,1564,-554,527,1630,-770,331,1596,-605,510,1630,-755,344,1605,-606,503,1618,-703,352,1596,-565,565,906,-19,441,898,19,588,643,38,423,646,101,617,412,270,422,447,381,607,391,278,431,427,395,652,340,34,419,346,168,
492,1325,-643,497,1345,-605,504,1346,-605,512,1346,-605,478,1342,-607,471,1341,-607,464,1339,-607,528,1334,-417,455,1324,-422,505,1307,-573,483,1304,-575,585,1251,-416,420,1230,-395,577,1423,-604,379,1399,-551,549,1592,-695,363,1573,-601,550,1627,-769,355,1604,-655,533,1626,-756,368,1612,-656,526,1614,-702,375,1603,-612,573,906,-11,447,898,10,588,640,52,424,646,92,617,414,298,419,447,373,605,393,308,426,426,386,653,337,72,417,344,157,
503,1327,-595,509,1346,-553,516,1346,-553,525,1346,-553,489,1344,-553,481,1343,-553,474,1342,-553,541,1334,-361,465,1326,-353,517,1307,-523,494,1305,-521,595,1249,-382,428,1232,-320,592,1421,-583,388,1404,-474,566,1592,-674,380,1578,-534,566,1627,-753,374,1613,-600,550,1624,-742,386,1620,-598,543,1612,-681,392,1610,-547,580,901,-11,450,897,11,592,625,49,424,640,82,620,402,357,417,446,445,605,382,374,426,425,470,655,322,131,416,339,249,
515,1327,-595,521,1346,-553,528,1346,-553,537,1346,-553,501,1344,-556,493,1343,-556,486,1342,-556,551,1334,-350,475,1327,-362,528,1307,-520,505,1305,-524,604,1247,-376,436,1232,-337,601,1419,-543,402,1406,-501,579,1590,-640,395,1579,-550,578,1624,-722,391,1614,-615,563,1624,-713,403,1622,-610,556,1612,-651,409,1611,-561,588,897,-5,456,895,4,593,624,69,430,638,83,618,402,372,419,441,440,601,381,388,428,421,467,657,325,152,416,337,230,
523,1327,-628,530,1345,-588,538,1345,-588,546,1345,-588,510,1344,-588,502,1343,-589,494,1342,-588,561,1332,-388,483,1326,-388,537,1306,-553,513,1305,-553,612,1243,-394,444,1232,-354,609,1416,-588,415,1404,-505,590,1587,-690,413,1574,-557,591,1623,-773,408,1609,-622,576,1624,-764,421,1618,-621,569,1611,-700,427,1607,-569,597,895,-7,463,895,6,600,621,70,435,635,86,618,403,401,419,434,459,599,383,421,429,415,485,656,322,183,416,336,260,
533,1327,-616,540,1345,-577,548,1345,-577,556,1344,-577,520,1343,-577,512,1342,-577,504,1341,-577,570,1331,-380,492,1326,-378,546,1305,-542,522,1304,-542,621,1241,-388,451,1232,-343,623,1414,-594,424,1407,-496,603,1586,-701,427,1574,-556,605,1622,-787,422,1608,-622,591,1623,-775,436,1618,-623,582,1611,-711,443,1607,-570,603,895,-9,468,895,9,608,621,66,439,632,72,623,402,373,422,422,451,606,382,392,433,403,473,659,319,150,416,331,252,
541,1327,-620,548,1345,-578,556,1344,-578,564,1344,-578,528,1343,-580,520,1342,-580,512,1341,-580,578,1330,-372,501,1326,-374,554,1305,-542,530,1304,-542,628,1238,-379,460,1232,-337,630,1407,-585,435,1407,-499,622,1570,-695,438,1574,-570,626,1608,-782,435,1609,-641,612,1614,-775,448,1620,-640,604,1601,-706,454,1609,-583,608,895,-9,474,895,9,614,622,60,441,629,77,624,404,434,425,418,472,604,383,460,439,399,497,660,322,213,416,328,264,
549,1326,-607,556,1345,-571,564,1344,-571,572,1344,-571,536,1343,-566,528,1343,-566,520,1342,-566,585,1330,-347,509,1327,-365,561,1305,-538,538,1304,-533,634,1238,-341,467,1233,-332,643,1406,-538,441,1408,-479,638,1568,-666,443,1574,-546,641,1607,-756,442,1609,-616,628,1614,-755,454,1621,-616,619,1601,-681,459,1611,-560,612,895,-10,478,895,10,620,623,46,444,628,65,626,405,415,429,417,468,608,384,439,444,398,494,661,322,189,416,326,265,
556,1326,-644,563,1344,-603,571,1344,-603,579,1344,-603,543,1343,-605,535,1342,-605,528,1342,-605,592,1330,-387,517,1328,-399,568,1304,-564,545,1304,-565,640,1238,-373,473,1234,-359,652,1405,-575,446,1409,-531,647,1567,-706,449,1574,-609,650,1606,-797,448,1609,-685,636,1613,-791,462,1622,-685,627,1601,-719,466,1612,-623,616,896,-10,482,895,10,624,624,40,448,628,64,628,405,416,433,412,462,609,385,441,447,392,486,659,323,183,417,326,251,
562,1323,-632,570,1341,-593,578,1341,-593,586,1340,-593,551,1341,-595,543,1341,-595,535,1340,-594,600,1328,-389,524,1328,-394,574,1301,-555,551,1301,-556,646,1237,-384,477,1234,-350,659,1400,-589,453,1410,-511,655,1565,-720,455,1575,-589,656,1604,-809,453,1610,-660,642,1612,-802,468,1622,-662,634,1599,-732,473,1612,-603,618,896,-11,486,896,10,628,625,43,454,629,65,628,405,404,438,414,464,611,385,426,452,393,488,659,324,171,418,326,257,
564,1323,-591,573,1342,-555,579,1342,-555,587,1341,-555,552,1341,-552,545,1341,-552,538,1340,-552,602,1328,-366,529,1328,-346,577,1301,-519,554,1301,-513,651,1237,-375,483,1235,-288,662,1401,-587,457,1411,-435,662,1563,-710,461,1577,-513,662,1598,-795,460,1611,-585,647,1608,-788,474,1623,-584,638,1598,-721,479,1613,-528,620,897,-23,489,897,22,629,630,41,459,629,103,629,410,374,444,413,461,612,386,391,458,394,480,659,324,118,419,326,242,
568,1323,-551,577,1342,-514,583,1341,-514,591,1341,-514,556,1341,-513,549,1341,-513,541,1340,-513,605,1328,-323,531,1328,-314,580,1301,-478,556,1301,-475,654,1237,-337,484,1236,-260,662,1401,-544,462,1412,-406,662,1560,-660,468,1576,-476,663,1592,-747,465,1610,-546,649,1604,-738,481,1622,-544,639,1594,-671,487,1612,-490,620,897,-24,491,897,23,631,631,40,462,630,106,629,413,370,446,409,438,613,388,387,460,389,453,659,325,117,418,324,210,
567,1321,-590,578,1340,-555,584,1340,-555,592,1340,-555,557,1340,-553,550,1340,-553,542,1340,-553,607,1327,-368,533,1327,-350,581,1298,-517,556,1299,-512,655,1234,-378,488,1236,-287,665,1400,-589,463,1412,-432,666,1559,-702,469,1576,-504,668,1593,-788,465,1610,-574,652,1604,-780,482,1622,-575,643,1593,-713,488,1612,-520,620,895,-26,491,896,25,631,631,51,466,630,129,630,416,374,449,406,441,613,390,391,464,386,454,658,325,122,418,321,216,
572,1320,-617,582,1340,-581,588,1340,-581,595,1339,-581,561,1340,-582,554,1340,-582,546,1340,-582,608,1327,-386,534,1327,-386,585,1297,-542,560,1299,-542,655,1232,-388,487,1235,-331,665,1395,-589,465,1412,-494,664,1554,-702,471,1577,-562,666,1590,-789,466,1612,-627,650,1600,-781,483,1623,-628,642,1588,-713,489,1612,-575,620,895,-24,493,896,23,631,632,58,469,630,123,630,418,365,449,404,421,614,390,379,464,382,433,658,326,115,415,321,193,
573,1320,-616,583,1340,-581,589,1340,-580,596,1339,-581,563,1339,-579,555,1339,-579,547,1339,-579,608,1327,-377,535,1327,-378,587,1297,-540,562,1299,-539,655,1232,-365,488,1235,-327,665,1393,-552,466,1412,-490,667,1550,-663,473,1577,-558,668,1586,-748,469,1612,-625,653,1597,-743,486,1623,-624,646,1584,-674,492,1612,-571,621,895,-16,494,896,16,631,631,64,470,630,113,630,416,368,450,404,409,614,389,382,464,382,423,658,326,121,415,320,179,
574,1320,-605,584,1340,-567,590,1340,-567,596,1339,-567,564,1339,-569,556,1339,-569,548,1339,-569,608,1326,-361,536,1327,-372,587,1297,-527,563,1299,-529,657,1232,-348,489,1236,-326,664,1393,-530,467,1412,-485,665,1551,-634,474,1578,-553,667,1587,-718,469,1613,-621,651,1597,-711,486,1623,-621,644,1584,-644,492,1612,-567,621,895,-14,494,896,14,633,631,62,471,630,109,631,416,375,451,402,413,614,389,392,464,380,428,658,326,136,416,318,187,
574,1318,-603,584,1338,-566,590,1338,-566,596,1338,-566,564,1336,-568,557,1336,-568,549,1336,-567,607,1325,-364,536,1325,-372,587,1296,-526,563,1296,-528,657,1232,-349,491,1235,-328,665,1394,-536,466,1412,-488,662,1550,-641,474,1578,-555,665,1587,-724,468,1613,-621,649,1596,-716,485,1623,-621,641,1583,-651,492,1611,-568,622,894,-14,495,895,14,633,628,68,471,630,112,631,414,375,453,403,416,614,388,392,466,381,432,660,326,136,416,319,192,
574,1315,-642,584,1335,-606,591,1335,-606,597,1335,-606,564,1334,-607,556,1334,-607,547,1335,-607,609,1324,-411,534,1324,-410,587,1293,-566,562,1294,-566,656,1230,-404,490,1234,-359,668,1390,-596,466,1412,-521,665,1546,-701,474,1578,-582,665,1583,-784,469,1613,-645,650,1593,-778,486,1623,-645,643,1580,-712,493,1611,-595,621,893,-14,494,895,14,633,629,69,470,632,122,631,413,370,453,404,417,614,388,385,466,382,433,662,327,130,416,321,193,
