547,1315,-695,561,1336,-665,570,1335,-665,576,1334,-665,536,1336,-663,528,1335,-663,521,1334,-663,587,1323,-433,515,1321,-423,564,1291,-605,532,1292,-602,656,1189,-245,463,1185,-229,672,1028,-105,449,1019,-112,676,882,-274,435,872,-293,681,841,-332,425,830,-355,668,842,-411,438,828,-434,663,852,-308,447,842,-328,611,902,-6,497,903,6,618,642,-82,477,654,-32,614,425,231,469,434,276,593,402,242,486,413,288,638,353,-60,454,363,-3,
547,1315,-686,561,1336,-653,570,1335,-653,576,1334,-653,536,1336,-654,529,1335,-654,521,1334,-654,587,1323,-414,515,1321,-419,564,1292,-595,533,1294,-596,656,1189,-223,462,1184,-232,672,1025,-91,449,1019,-123,675,882,-275,435,873,-315,680,840,-335,425,830,-383,667,841,-414,438,829,-459,662,852,-309,447,842,-349,611,902,0,497,903,0,618,642,-70,477,651,-77,616,425,238,466,434,242,601,402,250,477,416,257,639,352,-49,455,358,-32,
547,1315,-657,561,1336,-622,570,1335,-622,576,1334,-622,537,1336,-624,529,1335,-624,522,1334,-624,587,1323,-385,515,1321,-393,564,1293,-566,533,1295,-569,655,1189,-201,462,1184,-216,672,1024,-78,449,1019,-116,672,881,-272,435,875,-312,678,840,-335,424,831,-378,665,841,-412,438,829,-455,660,852,-306,447,844,-346,611,902,1,496,903,-2,617,642,-71,478,651,-88,618,425,226,465,435,214,605,402,237,475,418,227,640,351,-59,456,356,-60,
548,1316,-654,562,1336,-620,570,1335,-620,576,1334,-620,537,1336,-620,529,1335,-620,523,1334,-620,587,1323,-385,516,1321,-389,564,1294,-564,534,1296,-565,655,1189,-203,463,1184,-215,673,1024,-79,449,1020,-115,672,881,-272,434,876,-309,677,840,-335,424,831,-376,665,840,-412,438,830,-453,660,852,-305,447,845,-344,611,902,2,496,904,-2,617,641,-71,478,651,-88,618,424,222,464,436,214,605,402,233,474,420,227,640,351,-61,456,357,-57,
548,1316,-657,562,1336,-624,570,1335,-624,576,1334,-624,538,1336,-624,530,1335,-624,524,1334,-624,587,1323,-391,516,1321,-393,565,1294,-568,534,1296,-569,655,1189,-208,463,1184,-216,674,1024,-82,449,1020,-116,671,881,-273,434,876,-311,676,840,-337,424,832,-379,664,840,-413,438,830,-454,659,852,-306,447,845,-345,611,902,2,496,904,-2,617,641,-71,479,651,-85,619,424,218,464,436,211,605,402,228,474,421,224,640,351,-64,456,357,-59,
549,1316,-661,563,1336,-628,570,1335,-628,577,1334,-628,539,1336,-628,531,1335,-628,524,1334,-628,588,1323,-395,516,1321,-396,565,1294,-572,535,1296,-572,657,1189,-211,464,1184,-217,674,1023,-83,449,1021,-117,671,881,-275,434,877,-312,676,839,-339,423,832,-379,664,840,-414,438,831,-454,659,852,-308,447,846,-345,612,902,2,497,905,-2,617,639,-71,480,650,-91,619,424,218,464,436,213,606,402,228,473,421,226,639,351,-60,456,356,-57,
549,1316,-656,563,1336,-624,571,1335,-624,577,1334,-624,539,1336,-623,531,1335,-623,525,1334,-623,588,1323,-393,517,1321,-391,565,1295,-568,535,1296,-567,658,1189,-212,465,1184,-215,675,1022,-84,449,1022,-117,671,879,-277,434,877,-313,676,835,-341,423,832,-381,664,836,-416,438,831,-454,659,850,-309,447,847,-345,612,901,2,497,905,-2,617,636,-71,480,648,-87,620,424,217,464,435,212,607,401,227,473,420,225,639,350,-62,456,356,-57,
550,1316,-662,563,1336,-631,571,1335,-631,577,1335,-631,540,1336,-628,532,1335,-628,526,1334,-628,589,1323,-406,518,1321,-396,566,1295,-575,536,1296,-573,659,1189,-227,466,1184,-219,675,1022,-101,450,1023,-119,671,879,-285,434,877,-313,676,834,-347,424,832,-381,664,835,-423,438,831,-455,659,849,-317,447,847,-346,614,901,0,497,905,0,618,636,-75,480,647,-83,620,423,218,464,435,214,608,401,228,474,420,227,639,349,-64,456,356,-57,
551,1316,-691,564,1336,-660,571,1335,-660,578,1335,-660,540,1336,-658,532,1335,-658,527,1334,-658,590,1324,-432,518,1321,-422,567,1295,-603,537,1296,-600,660,1189,-251,467,1185,-235,676,1022,-119,450,1023,-128,671,877,-297,435,877,-318,677,831,-357,424,832,-384,664,833,-434,439,831,-458,659,848,-329,448,847,-350,615,901,-1,498,905,1,618,636,-74,482,646,-77,620,423,230,465,434,231,608,400,242,474,419,245,637,348,-52,457,356,-38,
552,1316,-693,565,1336,-662,572,1335,-662,578,1335,-662,541,1336,-659,533,1335,-660,527,1334,-660,590,1324,-433,519,1321,-423,567,1295,-605,538,1296,-602,661,1189,-253,467,1185,-236,676,1020,-120,450,1023,-127,672,876,-297,436,877,-317,678,830,-357,425,832,-383,666,832,-434,440,830,-457,660,847,-330,449,846,-350,617,900,-4,499,904,4,619,634,-75,482,645,-72,621,423,239,466,434,248,610,400,252,476,418,263,637,347,-43,458,356,-17,
553,1316,-696,566,1336,-664,573,1335,-664,579,1335,-664,542,1336,-663,534,1335,-663,528,1334,-663,591,1324,-436,520,1321,-429,568,1295,-607,539,1296,-605,662,1189,-254,468,1184,-240,677,1018,-120,451,1023,-131,673,875,-297,436,877,-320,680,829,-357,427,831,-386,667,830,-435,441,830,-462,661,846,-330,450,846,-354,617,900,-5,500,904,4,620,634,-79,483,644,-72,622,423,231,468,434,233,611,400,243,479,417,246,636,346,-53,459,356,-38,
553,1316,-694,566,1336,-663,573,1335,-663,579,1335,-663,542,1335,-661,534,1335,-661,528,1334,-661,592,1323,-436,521,1321,-427,569,1295,-606,539,1296,-604,663,1188,-258,469,1184,-240,677,1015,-127,451,1023,-131,675,874,-300,436,877,-319,683,827,-361,427,831,-385,670,828,-439,442,830,-461,663,844,-333,451,846,-353,618,900,-7,500,904,6,622,634,-80,484,644,-62,623,423,227,471,433,234,611,400,239,483,416,246,636,346,-57,459,356,-38,
553,1316,-697,566,1336,-666,574,1335,-666,580,1335,-666,543,1335,-664,535,1335,-664,529,1334,-664,593,1323,-438,522,1321,-429,569,1295,-609,540,1296,-607,663,1188,-259,470,1184,-241,678,1015,-129,452,1022,-131,677,874,-302,439,878,-319,686,827,-363,431,831,-385,672,828,-441,445,830,-460,665,844,-336,453,846,-352,620,900,-7,501,905,7,623,634,-79,485,644,-59,623,424,227,472,433,231,612,402,239,484,416,242,635,347,-58,460,356,-45,
554,1316,-702,567,1336,-671,574,1335,-671,581,1335,-671,543,1335,-669,535,1335,-669,530,1334,-669,594,1323,-442,523,1321,-433,570,1295,-613,541,1296,-611,664,1188,-261,471,1184,-241,678,1016,-127,454,1022,-129,681,874,-302,441,878,-314,689,827,-363,434,831,-379,675,828,-441,448,830,-456,669,844,-335,456,846,-348,620,901,-8,501,905,7,625,634,-80,486,645,-57,624,424,226,474,433,232,612,402,237,487,416,243,635,347,-60,460,357,-44,
555,1316,-701,569,1336,-670,576,1335,-670,582,1335,-670,545,1335,-668,537,1335,-668,531,1334,-668,595,1324,-440,524,1321,-433,571,1295,-612,542,1296,-610,664,1188,-259,472,1184,-241,680,1018,-126,455,1022,-126,685,874,-301,442,878,-309,693,828,-362,437,831,-373,678,829,-440,450,830,-452,672,845,-335,458,846,-344,620,902,-9,502,905,9,626,634,-83,486,644,-57,625,424,223,476,432,232,614,402,234,490,415,243,635,348,-65,460,357,-45,
556,1316,-732,569,1336,-701,577,1335,-701,583,1335,-701,546,1335,-700,537,1334,-700,532,1334,-700,596,1324,-468,525,1321,-465,572,1295,-640,543,1296,-640,665,1189,-276,473,1184,-261,681,1019,-130,457,1022,-136,687,875,-305,443,879,-318,696,829,-365,438,832,-382,681,830,-446,451,830,-461,675,846,-339,458,846,-353,622,902,-9,504,906,8,628,634,-83,488,645,-56,626,425,231,477,432,233,614,404,243,490,415,244,635,348,-57,460,357,-45,
557,1316,-723,570,1336,-692,577,1335,-692,584,1335,-692,547,1335,-691,538,1334,-691,533,1334,-691,596,1324,-462,526,1321,-456,573,1295,-632,544,1296,-631,665,1190,-273,474,1184,-256,682,1021,-129,459,1022,-134,691,876,-303,443,879,-311,700,831,-362,438,832,-373,685,831,-444,451,830,-453,679,847,-338,458,846,-346,623,903,-10,506,907,10,629,636,-85,489,645,-51,627,426,228,479,432,232,616,405,240,492,415,243,634,349,-59,461,358,-47,
558,1316,-700,571,1336,-671,578,1335,-671,584,1335,-671,548,1335,-670,539,1334,-670,533,1334,-670,597,1323,-443,527,1321,-438,574,1294,-610,544,1296,-609,665,1190,-254,475,1184,-237,682,1022,-106,461,1024,-119,699,877,-271,443,881,-300,706,832,-327,437,835,-362,690,831,-409,450,833,-442,684,848,-306,456,849,-336,623,905,-10,507,908,10,630,640,-85,490,645,-52,628,426,211,480,431,212,618,406,221,493,415,220,634,349,-82,461,359,-75,
558,1314,-713,571,1335,-685,578,1334,-685,584,1334,-685,548,1334,-682,539,1333,-682,533,1333,-682,597,1323,-459,527,1320,-446,574,1293,-624,544,1294,-620,666,1190,-268,476,1183,-243,683,1022,-118,461,1024,-120,710,875,-271,435,880,-301,717,831,-332,426,834,-363,704,829,-411,438,832,-443,698,845,-309,444,848,-336,623,905,-10,507,907,10,630,640,-87,491,645,-50,630,427,212,481,430,215,620,406,223,495,412,222,634,350,-80,461,359,-70,
558,1314,-628,571,1334,-596,578,1334,-596,584,1333,-597,548,1333,-593,539,1333,-593,533,1332,-592,597,1323,-369,527,1320,-349,574,1293,-539,544,1294,-534,666,1190,-194,476,1181,-164,688,1026,-62,458,1024,-54,731,875,-230,418,879,-246,737,831,-288,404,834,-309,729,829,-370,417,832,-391,722,845,-267,424,847,-284,624,899,-11,507,901,11,633,637,-89,491,642,-49,632,426,235,482,428,241,622,406,250,497,409,253,636,349,-51,461,358,-41,
558,1315,-662,570,1335,-633,578,1334,-633,584,1334,-633,547,1334,-625,539,1333,-625,533,1333,-625,597,1323,-413,527,1320,-370,574,1294,-577,544,1295,-565,666,1190,-231,477,1180,-183,704,1031,-105,441,1025,-80,764,877,-274,388,879,-276,777,834,-327,374,835,-335,768,832,-416,385,832,-423,761,847,-314,394,847,-318,624,897,-11,506,901,11,634,635,-84,490,642,-36,634,425,234,482,427,246,624,405,248,498,407,257,638,349,-52,459,358,-33,
557,1316,-718,570,1335,-689,577,1335,-689,584,1335,-690,547,1334,-683,539,1334,-683,533,1333,-683,597,1324,-463,527,1320,-430,574,1295,-631,544,1296,-621,667,1190,-272,478,1181,-233,727,1038,-149,418,1038,-133,808,897,-326,353,895,-337,828,852,-380,339,850,-396,823,851,-469,343,847,-487,814,864,-367,351,859,-380,624,897,-11,506,902,11,635,635,-58,486,644,-20,638,424,216,476,427,251,628,403,223,495,405,260,640,349,-81,437,363,-27,
554,1317,-522,567,1336,-489,575,1336,-489,582,1336,-489,544,1335,-482,537,1334,-482,530,1333,-482,594,1326,-274,526,1320,-243,573,1297,-441,542,1297,-431,666,1194,-133,478,1189,-74,747,1059,-76,389,1056,0,841,948,-302,303,926,-217,875,914,-360,281,885,-275,873,911,-447,283,883,-362,859,920,-348,293,893,-260,623,900,-15,505,906,15,635,641,-60,477,654,-24,638,425,146,456,430,189,630,403,150,474,405,194,640,353,-136,412,372,-80,
551,1317,-597,562,1337,-561,571,1337,-561,578,1337,-561,540,1335,-562,532,1334,-562,526,1333,-562,591,1327,-299,522,1321,-328,569,1298,-504,538,1297,-508,664,1201,-193,471,1193,-145,772,1094,-207,351,1081,-69,879,1013,-474,242,977,-291,917,980,-531,216,940,-317,919,975,-615,221,937,-419,905,986,-518,231,948,-338,623,906,-26,505,911,26,634,642,-98,463,662,11,637,424,57,427,433,201,629,401,53,443,405,210,642,353,-247,372,379,-67,
543,1319,-661,555,1338,-628,563,1339,-628,572,1339,-628,532,1336,-624,525,1335,-624,520,1334,-624,586,1329,-392,515,1322,-377,562,1300,-575,530,1298,-569,661,1206,-251,462,1198,-198,794,1130,-230,324,1118,-184,934,1080,-455,192,1045,-412,978,1057,-504,157,1010,-451,981,1060,-592,161,1010,-549,963,1066,-500,172,1019,-461,621,906,-30,497,911,30,631,642,-90,447,661,28,635,424,99,394,435,208,624,401,97,411,407,217,642,353,-199,332,383,-59,
538,1321,-660,549,1340,-626,557,1340,-626,565,1341,-626,525,1337,-623,519,1336,-623,513,1334,-623,580,1330,-385,505,1322,-374,557,1302,-572,525,1300,-567,656,1214,-226,451,1201,-198,804,1177,-203,289,1162,-188,950,1161,-421,149,1121,-432,998,1150,-473,106,1094,-480,1005,1155,-561,110,1097,-578,987,1157,-468,125,1102,-483,614,905,-29,486,910,29,627,642,-55,426,660,14,627,423,128,362,436,209,613,398,133,375,409,213,643,353,-169,298,383,-65,
526,1322,-693,537,1342,-660,545,1343,-660,554,1343,-660,516,1338,-654,509,1337,-654,502,1335,-654,570,1332,-416,496,1322,-389,546,1303,-603,517,1301,-594,646,1223,-258,440,1207,-210,803,1229,-282,270,1208,-196,958,1249,-504,127,1208,-431,1003,1250,-560,83,1193,-481,1008,1257,-647,83,1198,-572,992,1254,-553,96,1201,-482,604,904,-28,476,909,28,622,640,-59,410,659,14,621,423,158,329,438,231,607,398,163,343,413,234,643,354,-147,262,384,-55,
513,1323,-670,524,1343,-635,532,1344,-635,541,1344,-635,505,1339,-625,497,1337,-625,491,1336,-625,558,1333,-391,487,1324,-348,531,1305,-579,505,1303,-565,635,1229,-244,434,1215,-183,789,1264,-272,270,1246,-178,937,1330,-502,122,1285,-397,980,1344,-561,78,1288,-449,983,1354,-644,76,1294,-544,966,1348,-551,89,1291,-442,591,903,-27,465,908,27,616,639,-62,389,662,7,616,422,165,301,440,230,599,398,169,312,416,232,646,354,-146,237,383,-63,
499,1324,-634,508,1343,-597,516,1344,-597,525,1345,-597,490,1340,-587,484,1338,-588,478,1336,-587,546,1334,-359,474,1324,-319,516,1306,-546,491,1304,-534,623,1230,-230,427,1220,-179,780,1299,-290,266,1281,-192,910,1408,-500,130,1363,-418,953,1432,-564,91,1377,-485,952,1447,-633,91,1386,-554,937,1441,-544,102,1382,-462,579,902,-26,454,908,26,608,638,-42,371,665,4,612,422,200,284,444,230,594,397,207,295,419,233,648,353,-91,222,382,-61,
485,1325,-564,495,1343,-525,502,1344,-525,511,1345,-526,477,1340,-513,472,1338,-513,465,1337,-513,532,1334,-300,460,1324,-245,501,1306,-481,478,1305,-465,605,1230,-187,419,1221,-130,762,1325,-270,266,1310,-177,872,1468,-467,154,1428,-401,909,1505,-533,119,1458,-475,904,1516,-598,122,1468,-536,891,1504,-507,135,1461,-443,563,902,-25,442,907,25,600,641,-22,358,666,2,612,425,217,268,445,230,597,402,224,276,422,233,648,354,-73,215,379,-60,
474,1324,-539,483,1343,-498,491,1344,-498,500,1344,-498,465,1339,-487,458,1338,-487,451,1336,-487,521,1333,-274,445,1323,-221,491,1306,-457,467,1305,-442,589,1229,-155,410,1220,-122,727,1339,-250,274,1324,-190,788,1503,-452,181,1474,-426,811,1547,-517,150,1518,-517,803,1556,-538,154,1527,-543,789,1543,-471,166,1512,-456,547,901,-15,428,906,15,589,642,11,349,666,0,612,426,251,266,445,230,598,403,258,274,424,235,651,354,-30,223,376,-53,
464,1320,-592,476,1340,-537,485,1340,-537,494,1340,-537,454,1336,-516,447,1334,-516,438,1332,-516,514,1330,-299,433,1321,-262,480,1300,-509,456,1298,-487,573,1227,-221,398,1219,-206,695,1359,-341,279,1338,-311,710,1533,-512,208,1502,-503,721,1575,-587,194,1549,-598,711,1580,-607,212,1559,-601,703,1568,-534,221,1541,-523,527,901,-4,412,906,4,575,650,64,337,665,15,608,431,350,261,445,305,596,406,362,266,423,318,652,356,66,218,368,23,
452,1319,-589,465,1338,-541,474,1338,-541,484,1338,-541,443,1335,-529,437,1333,-529,430,1331,-528,503,1328,-304,428,1319,-257,468,1298,-504,445,1296,-489,560,1227,-221,387,1217,-194,667,1350,-362,287,1344,-291,633,1517,-503,271,1514,-470,633,1556,-584,265,1559,-567,617,1562,-593,284,1567,-573,610,1548,-520,292,1550,-491,511,896,-5,394,902,5,566,649,68,331,664,53,605,430,387,262,446,397,595,405,401,270,423,413,652,356,94,216,368,119,
445,1316,-508,457,1335,-458,465,1336,-458,475,1335,-458,435,1333,-450,429,1332,-450,423,1330,-450,492,1324,-224,422,1318,-182,459,1294,-425,437,1294,-414,547,1226,-174,374,1218,-110,643,1357,-347,290,1363,-252,575,1508,-483,316,1525,-362,554,1534,-561,328,1563,-471,540,1535,-517,343,1563,-436,543,1524,-464,344,1551,-368,497,896,-8,378,900,7,553,649,41,321,659,64,606,430,352,261,445,394,596,405,367,275,422,410,651,355,64,214,366,124,
440,1310,-454,451,1330,-403,460,1330,-403,468,1330,-403,431,1329,-394,423,1328,-394,417,1327,-393,484,1318,-171,414,1316,-123,452,1290,-373,430,1291,-359,538,1226,-138,362,1218,-52,628,1356,-327,290,1366,-195,534,1484,-415,354,1513,-248,506,1509,-504,378,1546,-346,488,1511,-464,395,1539,-308,494,1500,-408,391,1526,-251,489,894,-8,367,898,8,539,652,26,313,658,53,604,432,357,262,444,386,593,407,375,276,421,403,650,355,68,221,366,116,
432,1307,-512,445,1326,-466,454,1326,-466,462,1326,-466,424,1326,-457,415,1325,-457,408,1325,-456,478,1313,-231,405,1314,-180,446,1287,-428,422,1289,-415,531,1225,-144,354,1219,-86,616,1357,-384,290,1373,-209,506,1483,-430,372,1508,-262,465,1510,-521,405,1532,-352,457,1510,-490,416,1525,-318,463,1499,-425,410,1514,-265,484,892,-13,361,896,13,532,654,21,306,656,73,603,432,373,262,443,407,593,407,392,278,419,424,650,357,78,217,366,128,
425,1306,-520,439,1325,-469,448,1325,-469,456,1324,-469,417,1324,-459,409,1324,-459,401,1324,-459,471,1311,-218,398,1313,-166,441,1285,-430,415,1287,-417,524,1224,-155,347,1218,-71,607,1358,-365,292,1371,-199,504,1483,-431,375,1502,-253,466,1512,-522,407,1526,-348,457,1511,-496,417,1519,-318,463,1499,-433,412,1508,-258,481,889,-17,356,894,17,532,652,8,299,650,64,604,432,394,263,431,414,594,407,417,278,403,431,649,356,94,215,362,122,
422,1304,-529,436,1322,-484,445,1321,-484,453,1321,-484,413,1322,-474,406,1322,-474,398,1321,-474,466,1308,-239,395,1312,-193,438,1282,-444,410,1286,-429,517,1222,-165,341,1219,-106,603,1355,-371,293,1377,-276,515,1491,-438,376,1512,-301,479,1519,-527,411,1532,-410,468,1518,-501,420,1525,-359,474,1506,-436,414,1515,-267,480,889,-17,353,892,17,530,652,23,293,647,67,602,432,401,263,427,402,593,407,421,278,399,417,648,356,104,213,360,112,
416,1304,-549,432,1322,-494,440,1322,-494,448,1322,-494,408,1322,-486,402,1322,-486,395,1322,-486,463,1309,-248,392,1312,-197,433,1283,-461,405,1286,-450,518,1221,-170,341,1219,-145,612,1350,-388,291,1372,-316,542,1500,-492,359,1522,-393,517,1527,-579,384,1545,-498,502,1527,-550,399,1541,-454,504,1518,-492,395,1532,-388,480,889,-14,354,892,14,532,651,35,292,647,63,601,432,413,260,427,395,592,407,433,276,400,410,648,356,117,214,358,105,
417,1305,-616,433,1323,-565,441,1323,-565,449,1322,-565,408,1322,-560,401,1322,-560,395,1322,-560,463,1310,-324,392,1312,-292,435,1283,-528,406,1286,-520,520,1221,-249,341,1219,-230,618,1348,-442,283,1365,-396,569,1514,-559,353,1528,-502,552,1544,-641,367,1556,-603,537,1546,-623,378,1556,-570,538,1539,-564,377,1548,-505,481,889,-12,355,892,11,534,648,36,292,645,58,602,432,417,261,428,394,592,407,438,277,400,411,648,354,132,218,358,118,
422,1304,-725,435,1322,-682,444,1322,-682,452,1322,-682,411,1321,-678,403,1321,-679,396,1320,-678,465,1310,-440,392,1311,-419,439,1283,-635,410,1284,-629,524,1221,-332,344,1219,-329,623,1345,-469,274,1360,-467,602,1511,-610,296,1530,-610,598,1549,-689,310,1566,-704,576,1555,-693,330,1569,-687,572,1544,-625,330,1560,-619,486,889,-4,360,891,4,536,647,48,297,644,58,602,431,409,260,428,387,593,406,428,274,401,402,649,354,127,219,358,108,
425,1304,-725,438,1323,-684,446,1322,-684,455,1322,-684,413,1322,-680,406,1321,-680,398,1320,-680,467,1311,-447,393,1311,-422,442,1283,-636,413,1284,-629,528,1222,-329,348,1219,-324,625,1344,-441,266,1357,-440,662,1509,-597,244,1528,-613,664,1553,-675,240,1562,-707,648,1558,-693,260,1568,-700,645,1546,-620,264,1557,-628,488,889,0,363,891,0,538,647,79,301,644,57,602,431,421,261,430,382,593,406,439,274,403,397,649,355,141,221,358,106,
427,1304,-691,440,1323,-651,449,1323,-651,457,1322,-651,416,1322,-645,408,1321,-645,401,1320,-645,470,1311,-421,396,1311,-388,442,1283,-603,415,1284,-594,531,1224,-304,349,1220,-279,652,1344,-432,257,1356,-381,714,1506,-569,208,1523,-557,725,1547,-648,198,1560,-649,709,1553,-669,213,1565,-650,703,1542,-594,220,1553,-576,498,891,0,371,891,0,539,647,67,307,644,55,602,431,366,262,430,337,593,406,376,275,403,346,649,355,82,220,359,72,
440,1305,-581,447,1324,-540,454,1324,-540,461,1324,-540,425,1323,-535,417,1322,-535,410,1321,-534,473,1313,-317,400,1312,-290,455,1284,-499,431,1285,-491,541,1225,-198,358,1220,-193,678,1339,-263,253,1350,-276,766,1502,-453,168,1519,-532,788,1536,-525,149,1550,-637,777,1539,-571,161,1549,-608,766,1531,-491,169,1539,-536,513,891,0,385,891,0,547,645,65,316,650,26,602,431,338,264,436,275,591,406,346,275,413,283,650,355,59,219,360,8,
452,1318,-590,459,1333,-548,465,1333,-548,473,1332,-548,438,1333,-540,430,1332,-540,423,1330,-540,489,1319,-323,414,1316,-287,466,1295,-509,442,1296,-498,558,1225,-211,372,1219,-185,706,1327,-290,252,1334,-247,818,1467,-471,140,1469,-482,848,1506,-542,113,1500,-558,839,1517,-580,120,1507,-590,828,1502,-492,130,1498,-516,530,891,0,406,891,0,557,644,57,333,660,16,604,430,313,265,442,270,591,402,322,276,418,278,653,355,32,218,362,0,
470,1323,-603,478,1338,-560,486,1337,-560,493,1337,-561,458,1337,-558,449,1336,-558,441,1334,-558,507,1326,-325,430,1319,-310,484,1301,-514,461,1299,-511,575,1227,-208,387,1219,-189,734,1311,-259,251,1308,-225,865,1423,-478,117,1410,-443,898,1458,-544,85,1435,-507,895,1466,-592,88,1444,-560,884,1455,-499,97,1436,-484,546,891,1,425,892,-1,571,644,45,351,666,-5,604,429,296,265,447,251,591,401,304,276,424,259,654,355,9,218,367,-27,
481,1322,-708,492,1339,-671,499,1339,-671,506,1339,-671,470,1338,-666,461,1336,-666,453,1335,-666,521,1329,-431,444,1320,-406,496,1300,-617,473,1299,-609,592,1227,-284,400,1218,-220,758,1294,-297,249,1284,-160,895,1360,-588,110,1347,-301,933,1385,-649,70,1365,-342,937,1395,-730,68,1371,-409,922,1386,-637,80,1365,-343,557,891,-12,435,893,12,585,644,-31,366,669,-1,608,426,218,275,451,272,593,400,224,291,427,279,653,355,-82,218,370,-4,
490,1324,-730,502,1342,-695,510,1342,-695,518,1342,-695,481,1340,-691,472,1339,-691,464,1337,-691,535,1332,-450,456,1326,-430,506,1302,-638,483,1301,-631,606,1229,-282,412,1219,-250,772,1270,-292,249,1263,-208,918,1303,-563,104,1290,-406,961,1314,-637,61,1295,-400,965,1322,-683,57,1302,-556,950,1316,-596,69,1299,-468,568,895,-9,447,900,9,593,645,-36,384,673,-9,608,424,198,288,452,232,592,399,201,296,427,237,652,355,-103,242,376,-51,
503,1323,-754,514,1342,-721,521,1342,-721,528,1342,-721,492,1340,-716,484,1339,-716,476,1337,-716,545,1334,-475,468,1326,-454,518,1303,-660,495,1302,-653,618,1232,-301,422,1219,-262,784,1238,-297,250,1238,-224,938,1239,-548,108,1233,-459,982,1246,-636,64,1230,-484,985,1255,-675,62,1235,-613,971,1250,-583,72,1233,-518,577,900,-13,457,906,14,602,647,-76,401,673,37,609,422,105,329,455,282,594,397,102,345,428,284,652,355,-205,275,384,14,
512,1323,-730,522,1342,-697,530,1342,-697,536,1342,-697,502,1340,-692,493,1339,-692,487,1337,-692,551,1335,-452,477,1327,-430,528,1304,-638,505,1303,-631,627,1232,-299,429,1218,-251,787,1197,-240,256,1200,-224,937,1180,-470,118,1176,-471,983,1180,-530,73,1165,-515,988,1185,-618,72,1167,-624,973,1181,-519,84,1167,-526,586,904,-13,464,911,13,609,653,-83,413,674,27,612,422,84,355,454,250,597,397,80,368,427,252,651,356,-227,313,385,-22,
519,1323,-713,528,1342,-676,536,1342,-676,543,1342,-677,508,1340,-671,500,1339,-671,493,1337,-671,559,1335,-435,484,1328,-412,535,1304,-622,510,1303,-614,636,1229,-258,432,1216,-247,783,1164,-192,272,1166,-207,929,1120,-421,129,1112,-465,975,1112,-471,91,1095,-505,982,1118,-562,92,1096,-602,964,1117,-470,104,1098,-513,592,907,-10,470,914,11,614,655,-77,430,674,8,617,422,90,387,455,225,601,397,86,400,427,228,649,356,-220,353,387,-45,
526,1327,-723,533,1346,-688,541,1346,-688,548,1347,-688,513,1343,-686,505,1341,-686,498,1340,-686,563,1338,-445,489,1329,-434,542,1308,-631,516,1306,-626,642,1226,-256,438,1212,-251,776,1126,-172,291,1128,-211,913,1069,-400,155,1057,-468,957,1053,-450,111,1033,-514,964,1055,-541,108,1035,-619,946,1058,-449,125,1039,-520,600,911,-11,480,917,11,619,655,-82,445,673,2,624,421,90,417,452,213,607,397,86,431,425,216,649,356,-219,383,386,-60,
528,1327,-713,537,1346,-680,544,1346,-680,552,1347,-680,516,1343,-675,509,1341,-675,501,1339,-675,567,1338,-455,494,1329,-429,545,1308,-624,518,1306,-617,645,1220,-262,447,1211,-251,768,1099,-165,323,1106,-196,899,1010,-355,198,1011,-424,939,985,-398,164,983,-472,938,984,-488,163,980,-576,923,990,-400,176,986,-475,602,911,-9,484,917,10,622,654,-69,453,668,-1,627,422,113,437,449,210,615,400,107,449,425,214,647,358,-185,418,381,-63,
533,1327,-656,542,1346,-627,548,1347,-627,555,1347,-627,520,1343,-620,512,1341,-620,505,1340,-620,568,1339,-407,498,1330,-377,549,1307,-570,522,1306,-562,646,1215,-214,455,1210,-204,751,1072,-113,355,1080,-131,853,958,-321,259,959,-347,894,929,-373,230,924,-405,894,928,-465,232,922,-496,877,935,-365,244,931,-393,602,912,0,484,916,-1,623,654,-40,468,665,-39,629,423,215,464,439,193,619,402,221,472,419,200,645,360,-70,460,373,-95,
537,1326,-680,547,1346,-651,554,1346,-651,560,1347,-651,524,1343,-647,516,1342,-647,509,1340,-647,572,1338,-423,501,1330,-404,553,1307,-591,524,1305,-586,648,1210,-221,456,1206,-219,722,1052,-128,384,1060,-153,801,928,-327,308,923,-366,833,887,-381,288,878,-428,835,884,-470,291,876,-515,823,895,-369,300,886,-409,603,907,1,482,914,-1,622,650,-40,479,653,-28,630,423,256,485,432,239,619,403,268,497,414,252,643,361,-36,479,366,-68,
538,1326,-690,550,1346,-658,558,1346,-658,563,1347,-658,526,1343,-658,518,1342,-658,511,1341,-658,575,1338,-423,502,1330,-418,555,1307,-597,524,1305,-597,646,1202,-223,454,1200,-225,692,1037,-88,404,1044,-144,753,886,-267,349,895,-342,777,844,-323,333,856,-405,772,842,-412,341,852,-489,762,856,-308,349,863,-382,603,907,3,482,913,-3,623,639,-50,484,648,-44,629,422,246,495,421,235,618,402,256,509,403,247,643,358,-52,480,355,-66,
539,1326,-705,551,1345,-673,559,1346,-673,565,1346,-673,527,1343,-674,519,1342,-674,512,1341,-674,576,1337,-432,503,1330,-433,556,1307,-610,524,1305,-611,644,1200,-227,453,1194,-227,667,1032,-90,423,1031,-122,706,876,-261,391,879,-307,721,831,-316,383,837,-370,712,826,-403,395,833,-452,704,843,-300,400,849,-345,600,907,0,480,913,0,621,638,-61,489,646,-41,628,420,236,512,416,235,617,401,245,525,398,245,639,354,-58,488,347,-66,
538,1325,-783,551,1344,-752,559,1344,-752,565,1344,-752,526,1343,-754,519,1342,-754,511,1340,-754,577,1334,-500,503,1329,-509,556,1305,-684,523,1305,-687,644,1195,-282,451,1192,-288,660,1024,-121,436,1034,-142,677,869,-286,419,892,-330,683,825,-340,418,849,-391,673,821,-423,427,848,-471,667,838,-322,431,861,-367,598,907,0,479,913,0,620,638,-58,494,648,-40,622,420,236,511,417,236,614,401,245,524,398,246,635,354,-65,485,347,-63,
537,1324,-794,551,1343,-760,559,1342,-760,565,1341,-760,525,1342,-764,518,1340,-764,510,1339,-764,577,1332,-506,502,1328,-521,555,1303,-694,522,1303,-699,642,1191,-286,450,1191,-308,653,1025,-122,437,1032,-162,667,874,-274,422,893,-343,673,829,-328,422,852,-405,663,828,-412,433,850,-482,658,844,-310,436,862,-379,597,908,2,480,914,-3,619,641,-56,495,649,-49,620,421,234,512,419,228,612,403,242,524,399,237,635,354,-68,487,349,-77,
537,1322,-766,551,1340,-733,559,1340,-733,566,1339,-733,526,1340,-734,518,1339,-734,511,1339,-734,577,1329,-485,502,1327,-493,555,1301,-669,522,1302,-672,641,1191,-279,449,1191,-288,654,1026,-119,430,1032,-157,683,873,-278,407,885,-336,693,827,-330,403,846,-399,685,824,-416,412,843,-477,679,840,-315,416,856,-372,596,908,-3,479,914,3,619,643,-48,494,649,-26,618,421,232,512,419,250,611,403,240,526,398,258,631,354,-70,486,347,-46,
537,1319,-723,552,1339,-688,560,1338,-688,566,1337,-688,526,1339,-691,518,1338,-691,511,1337,-691,578,1327,-439,502,1326,-457,555,1299,-626,522,1300,-631,641,1191,-236,448,1189,-250,664,1032,-78,414,1030,-131,709,876,-249,378,881,-321,723,832,-304,368,840,-385,716,829,-390,381,837,-465,709,844,-287,387,850,-358,596,908,-3,479,911,3,618,640,-44,494,647,-29,615,420,231,511,418,240,609,402,239,524,397,247,632,354,-72,484,347,-54,
537,1318,-793,552,1337,-759,560,1336,-759,566,1335,-759,526,1337,-761,519,1337,-761,511,1336,-761,578,1326,-509,502,1326,-523,555,1298,-696,522,1299,-700,641,1191,-297,448,1190,-314,673,1035,-135,405,1042,-202,751,890,-325,350,897,-397,775,848,-376,337,856,-455,769,847,-471,342,853,-544,759,861,-367,352,863,-437,597,908,-2,479,909,1,618,640,-24,493,646,-22,614,421,231,510,418,239,607,402,238,523,397,247,630,356,-66,485,348,-54,
541,1317,-666,555,1336,-627,563,1335,-627,568,1334,-627,530,1337,-629,521,1337,-629,514,1336,-629,579,1325,-376,503,1326,-391,557,1296,-571,525,1299,-576,640,1191,-200,447,1190,-191,707,1043,-79,371,1049,-90,808,902,-283,286,919,-305,839,853,-339,259,881,-365,837,857,-434,259,879,-463,826,873,-328,271,889,-353,598,908,-3,480,909,2,617,640,-26,492,647,-27,616,423,220,508,419,217,609,403,227,521,397,222,630,360,-66,481,348,-73,
543,1317,-789,557,1336,-750,564,1335,-750,569,1334,-750,532,1337,-756,523,1337,-756,515,1336,-756,580,1325,-477,503,1326,-506,559,1296,-685,526,1298,-693,641,1191,-234,447,1193,-300,740,1069,-108,336,1073,-233,847,977,-355,222,967,-458,884,941,-402,190,931,-515,888,938,-504,193,928,-613,874,948,-405,204,938,-507,599,912,10,482,910,-10,619,651,-12,490,647,-45,627,426,220,503,419,167,619,405,226,518,397,170,648,368,-71,479,348,-140,
545,1317,-808,558,1336,-770,565,1335,-770,571,1334,-770,533,1337,-776,524,1337,-776,517,1337,-776,582,1325,-501,505,1326,-529,560,1296,-706,528,1298,-714,644,1193,-259,447,1196,-351,773,1102,-176,312,1116,-318,903,1044,-443,176,1042,-533,941,1021,-490,136,1012,-586,946,1020,-585,140,1013,-678,933,1026,-492,153,1021,-580,602,913,30,482,910,-30,626,654,13,490,647,-55,647,431,234,500,420,168,633,404,237,514,397,171,699,373,-57,479,349,-137,
548,1318,-743,561,1337,-698,567,1336,-698,573,1335,-698,537,1339,-708,528,1339,-708,520,1338,-708,584,1325,-419,508,1327,-467,562,1297,-639,532,1299,-653,647,1196,-198,447,1203,-320,793,1146,-172,296,1158,-312,936,1110,-398,149,1116,-541,981,1096,-446,102,1093,-600,988,1099,-540,105,1096,-687,970,1102,-447,121,1100,-588,605,913,50,482,910,-50,637,660,48,490,648,-63,672,438,264,499,428,168,652,405,267,511,410,172,740,381,-18,479,349,-134,
555,1318,-758,564,1337,-713,570,1337,-713,578,1336,-713,543,1339,-725,535,1339,-725,527,1338,-724,588,1325,-429,513,1327,-482,567,1297,-649,540,1299,-666,649,1205,-213,447,1214,-335,813,1185,-184,285,1200,-351,961,1182,-417,137,1196,-589,1005,1180,-467,87,1184,-650,1011,1186,-559,87,1188,-738,996,1185,-467,103,1189,-638,607,913,57,484,909,-57,652,664,89,490,650,-58,702,444,325,492,431,178,681,408,330,503,415,183,778,388,58,479,352,-124,
563,1318,-792,572,1337,-750,579,1337,-750,586,1336,-750,552,1339,-760,544,1339,-760,536,1338,-760,597,1325,-461,521,1327,-511,575,1297,-682,551,1299,-696,651,1212,-243,452,1223,-351,810,1229,-237,289,1247,-372,955,1255,-469,140,1271,-602,1000,1258,-519,91,1270,-660,1007,1266,-606,88,1277,-743,991,1263,-519,104,1275,-649,611,913,46,488,907,-46,667,671,57,489,651,-55,734,451,317,487,433,182,717,417,321,498,416,187,809,394,25,478,352,-120,
569,1318,-821,579,1336,-778,586,1336,-779,592,1335,-779,560,1338,-789,552,1338,-789,544,1337,-789,604,1325,-485,529,1327,-537,581,1297,-708,559,1299,-723,656,1219,-266,460,1228,-381,815,1261,-265,299,1278,-412,960,1323,-497,157,1337,-642,1002,1346,-551,112,1345,-707,1006,1355,-633,110,1351,-786,992,1345,-547,124,1347,-688,616,912,43,493,907,-43,681,674,38,489,654,-53,758,455,307,482,433,186,740,423,315,494,416,191,842,393,21,477,352,-117,
575,1318,-711,586,1336,-667,592,1336,-667,600,1334,-667,566,1338,-675,559,1338,-675,551,1337,-675,610,1325,-389,536,1327,-429,586,1297,-606,564,1299,-618,658,1223,-226,469,1234,-301,809,1289,-254,319,1303,-347,945,1385,-491,178,1394,-570,985,1418,-551,138,1412,-636,989,1429,-624,139,1423,-712,976,1417,-537,152,1416,-614,622,910,37,500,906,-37,698,675,15,489,655,-53,789,457,243,478,433,181,774,430,248,491,415,186,864,391,-60,476,352,-126,
580,1319,-650,590,1337,-608,597,1336,-608,605,1335,-608,570,1338,-611,562,1338,-611,555,1337,-611,615,1325,-354,541,1327,-372,591,1298,-554,568,1300,-560,663,1226,-215,480,1237,-261,808,1321,-271,341,1336,-330,927,1440,-494,215,1450,-556,962,1482,-559,175,1477,-630,964,1490,-613,178,1485,-691,951,1479,-533,193,1478,-597,627,910,28,507,906,-28,713,677,3,490,656,-52,813,455,232,478,433,183,802,430,239,491,415,188,881,389,-60,476,353,-111,
585,1319,-569,596,1337,-528,604,1336,-528,612,1335,-528,575,1338,-528,568,1338,-528,560,1337,-528,624,1325,-296,547,1326,-294,595,1297,-483,572,1300,-482,668,1227,-191,493,1235,-204,802,1343,-271,379,1350,-307,910,1492,-474,269,1488,-548,929,1538,-541,236,1526,-611,924,1546,-594,243,1537,-651,917,1530,-510,255,1525,-570,634,909,19,514,906,-20,725,676,-5,491,654,-52,828,455,236,477,429,194,818,432,246,491,411,203,887,387,-43,476,352,-80,
591,1319,-591,603,1336,-550,611,1335,-550,619,1334,-550,580,1337,-549,572,1336,-549,564,1335,-549,632,1325,-320,553,1326,-313,602,1296,-505,579,1298,-504,675,1228,-202,506,1233,-233,796,1358,-313,408,1362,-344,858,1508,-486,324,1517,-558,867,1555,-555,301,1559,-642,858,1565,-590,310,1568,-662,854,1547,-515,320,1552,-583,643,908,19,523,905,-19,740,676,11,496,651,-42,836,454,278,478,420,217,831,431,290,491,403,228,888,379,6,477,346,-53,
597,1317,-641,610,1335,-601,619,1334,-601,628,1333,-601,586,1336,-601,578,1335,-601,569,1334,-601,642,1323,-347,561,1324,-363,611,1294,-549,586,1295,-551,683,1228,-276,517,1231,-262,794,1362,-401,431,1366,-400,809,1530,-566,375,1534,-589,817,1573,-641,361,1583,-678,804,1583,-656,376,1587,-684,798,1566,-586,383,1568,-608,654,908,16,535,905,-16,748,676,19,503,651,-11,840,453,328,479,421,293,839,429,345,492,403,308,883,375,61,477,348,27,
609,1317,-634,621,1334,-588,628,1333,-588,637,1332,-588,598,1334,-590,590,1334,-590,581,1333,-590,648,1321,-346,570,1322,-355,620,1293,-545,596,1294,-548,689,1229,-268,524,1231,-276,783,1367,-387,450,1373,-437,771,1542,-534,430,1555,-578,771,1576,-610,431,1595,-668,757,1583,-626,447,1601,-679,753,1572,-555,451,1587,-597,668,908,16,552,905,-16,755,674,46,514,648,0,839,452,397,482,422,331,827,429,417,495,403,349,887,369,137,481,349,59,
619,1315,-605,627,1332,-556,634,1332,-556,641,1331,-556,607,1333,-557,600,1332,-557,592,1331,-557,652,1319,-319,585,1320,-321,630,1292,-519,607,1293,-520,699,1231,-263,534,1230,-276,775,1379,-395,468,1375,-450,740,1547,-510,477,1548,-570,726,1580,-582,486,1581,-650,711,1582,-590,501,1585,-630,711,1573,-554,502,1575,-572,684,906,16,566,902,-16,767,669,79,524,647,37,830,451,421,490,422,361,819,426,439,502,403,376,882,369,160,480,349,92,
626,1313,-509,634,1331,-454,640,1331,-454,647,1330,-454,614,1331,-454,607,1330,-454,598,1329,-454,659,1318,-202,588,1316,-202,639,1292,-420,616,1291,-420,709,1230,-154,541,1225,-168,769,1384,-362,479,1378,-377,709,1535,-378,524,1535,-423,689,1569,-455,537,1568,-515,673,1567,-438,557,1568,-481,674,1555,-388,555,1555,-426,698,900,13,577,895,-14,773,652,76,534,642,55,829,440,413,498,421,391,814,411,430,511,402,406,892,366,149,481,346,120,
630,1310,-473,638,1330,-421,644,1330,-421,651,1330,-421,618,1328,-419,611,1327,-419,603,1326,-419,664,1317,-180,594,1313,-169,644,1290,-387,622,1288,-384,718,1230,-140,550,1221,-134,765,1385,-337,490,1375,-324,695,1525,-383,545,1525,-373,668,1557,-462,570,1555,-463,653,1553,-445,583,1554,-434,656,1542,-390,579,1541,-378,709,900,5,590,894,-6,774,648,68,547,641,59,831,434,386,505,417,368,814,406,401,515,394,381,894,365,123,482,346,100,
635,1306,-471,642,1326,-421,648,1327,-420,655,1327,-421,623,1323,-419,615,1323,-419,607,1322,-419,668,1316,-183,598,1309,-173,649,1286,-385,627,1284,-383,724,1230,-143,559,1217,-134,763,1385,-328,497,1374,-311,692,1520,-380,552,1516,-363,662,1552,-460,574,1548,-452,650,1548,-442,585,1546,-424,653,1536,-387,582,1533,-368,718,900,0,599,894,0,778,647,67,556,641,54,831,433,377,510,415,350,812,404,392,519,391,362,894,363,105,484,346,84,
639,1305,-496,646,1325,-445,653,1325,-445,659,1326,-445,628,1322,-445,620,1321,-445,613,1320,-445,673,1314,-203,604,1307,-201,652,1285,-409,632,1282,-409,730,1230,-160,565,1214,-163,763,1387,-343,503,1371,-335,691,1525,-392,551,1517,-403,660,1557,-465,572,1552,-490,647,1553,-471,583,1551,-467,650,1540,-411,580,1537,-410,728,898,0,603,893,0,785,646,64,565,641,50,829,432,372,518,415,357,811,401,387,524,392,369,893,362,103,492,346,89,
641,1304,-513,647,1324,-462,653,1325,-462,660,1325,-462,629,1321,-462,622,1321,-462,614,1319,-462,673,1313,-222,606,1306,-216,653,1285,-427,632,1282,-425,732,1227,-164,567,1210,-176,764,1384,-382,505,1368,-351,704,1528,-470,546,1521,-423,678,1559,-553,563,1554,-509,663,1555,-528,578,1554,-493,666,1542,-475,575,1540,-433,732,898,-6,606,892,6,787,647,49,568,641,59,828,430,350,525,414,364,813,400,363,533,390,375,895,361,73,491,345,97,
640,1304,-581,646,1324,-533,652,1325,-532,658,1325,-532,628,1321,-532,621,1320,-532,614,1319,-532,672,1312,-299,606,1305,-294,653,1284,-496,631,1282,-495,732,1226,-248,566,1210,-251,769,1385,-424,502,1365,-421,717,1533,-520,528,1531,-498,698,1564,-598,537,1564,-581,683,1562,-580,552,1565,-562,685,1550,-526,553,1553,-505,733,899,-6,608,892,6,787,648,49,571,641,62,829,431,349,526,414,366,815,400,362,536,391,377,895,361,72,490,345,103,
636,1303,-669,643,1323,-626,649,1324,-626,656,1324,-626,624,1321,-622,617,1320,-622,611,1319,-622,669,1312,-398,603,1305,-377,650,1284,-585,628,1282,-579,730,1226,-327,564,1210,-318,782,1379,-475,495,1363,-466,737,1544,-577,507,1528,-573,717,1575,-654,514,1564,-658,699,1576,-649,528,1568,-648,704,1564,-589,529,1557,-583,730,899,-7,604,892,7,789,650,48,572,641,65,832,430,344,523,415,371,818,399,356,535,391,383,895,359,68,484,345,115,
635,1302,-727,642,1323,-689,647,1324,-689,654,1324,-689,624,1320,-683,617,1319,-683,610,1318,-683,667,1312,-468,602,1305,-437,648,1283,-643,625,1280,-635,729,1226,-375,562,1209,-364,792,1375,-502,490,1362,-498,780,1547,-619,473,1523,-632,770,1580,-694,478,1559,-718,753,1584,-703,495,1566,-709,753,1572,-637,497,1556,-645,727,898,-6,601,892,6,788,650,50,570,641,64,832,429,339,523,415,366,817,398,350,534,391,378,897,359,65,484,346,111,
633,1302,-709,640,1323,-670,647,1324,-670,653,1324,-670,621,1320,-665,614,1319,-665,607,1318,-665,666,1312,-445,601,1306,-421,647,1283,-624,624,1280,-617,727,1225,-341,559,1210,-345,803,1373,-452,474,1362,-474,824,1539,-586,420,1520,-630,825,1574,-662,415,1556,-716,812,1579,-683,435,1562,-713,808,1567,-611,440,1551,-646,724,898,0,598,892,0,787,651,50,567,641,58,832,429,326,522,415,343,817,398,336,533,391,355,896,359,49,483,346,94,
624,1302,-684,634,1323,-640,641,1324,-640,649,1324,-640,612,1321,-645,605,1320,-645,597,1318,-645,664,1313,-403,595,1306,-397,642,1283,-594,613,1281,-603,726,1224,-338,554,1210,-294,811,1371,-394,453,1354,-393,863,1532,-559,378,1515,-587,876,1570,-634,366,1555,-673,862,1575,-651,380,1557,-670,856,1561,-579,388,1546,-602,714,896,0,589,889,0,785,652,50,566,640,56,833,430,326,523,415,343,818,400,337,536,391,354,894,359,48,482,346,91,
611,1303,-524,624,1324,-483,632,1325,-483,640,1325,-483,600,1321,-472,592,1320,-472,586,1319,-472,657,1314,-269,586,1308,-215,631,1284,-446,600,1282,-431,720,1224,-172,542,1210,-133,820,1358,-241,430,1343,-201,898,1514,-429,332,1489,-410,920,1563,-500,312,1523,-495,911,1575,-542,325,1536,-508,903,1553,-465,333,1525,-437,696,895,0,572,888,0,782,652,19,559,636,19,833,431,278,522,415,292,818,404,287,535,391,302,894,359,-3,482,346,31,
603,1305,-557,617,1325,-516,625,1326,-516,633,1326,-517,592,1323,-507,584,1321,-507,579,1320,-507,649,1316,-294,575,1310,-248,623,1287,-477,592,1286,-463,711,1224,-197,524,1214,-152,828,1344,-261,399,1328,-204,937,1482,-454,287,1461,-412,968,1522,-524,264,1490,-494,963,1534,-550,274,1501,-515,951,1520,-485,284,1491,-442,679,892,-1,555,886,1,769,656,-16,548,632,28,833,435,213,522,415,313,818,411,220,534,391,324,893,360,-83,482,346,56,
598,1310,-508,610,1329,-469,618,1329,-469,626,1330,-470,586,1325,-457,578,1324,-457,573,1322,-457,640,1320,-255,567,1313,-192,616,1291,-429,586,1289,-411,700,1225,-150,509,1217,-85,834,1326,-207,372,1313,-106,970,1429,-448,253,1424,-306,1003,1456,-520,223,1450,-382,1003,1465,-561,229,1458,-414,991,1455,-488,240,1450,-339,665,890,-7,542,886,7,756,656,-17,538,631,25,837,436,222,520,414,302,824,412,230,533,390,312,896,360,-71,482,346,38,
587,1315,-538,600,1335,-498,609,1335,-498,618,1335,-499,577,1332,-488,571,1331,-488,564,1329,-488,630,1325,-271,555,1317,-231,603,1294,-457,575,1293,-444,687,1225,-146,494,1219,-120,837,1299,-183,343,1295,-113,982,1362,-448,221,1380,-277,1023,1384,-518,190,1403,-342,1027,1394,-570,194,1410,-389,1015,1385,-493,203,1403,-314,652,891,-6,528,886,6,740,656,-11,525,631,2,837,437,244,515,413,275,823,412,253,528,389,283,894,363,-42,481,343,-13,
572,1319,-617,587,1337,-578,595,1337,-578,605,1337,-578,565,1336,-570,559,1335,-570,551,1333,-570,620,1329,-339,545,1323,-303,587,1297,-530,562,1297,-519,679,1226,-192,484,1221,-134,840,1272,-234,331,1270,-132,995,1314,-510,192,1326,-292,1038,1329,-571,161,1348,-347,1043,1338,-656,161,1356,-403,1030,1331,-563,169,1348,-331,641,895,-6,517,888,6,722,663,-19,514,633,-2,818,443,245,505,415,279,806,417,261,517,392,289,877,367,-34,481,344,-9,
566,1321,-612,580,1340,-570,588,1340,-570,597,1340,-570,559,1339,-561,552,1339,-561,543,1338,-561,610,1332,-324,534,1327,-300,579,1301,-522,555,1300,-517,667,1226,-160,476,1223,-129,837,1238,-163,327,1244,-107,970,1254,-439,183,1277,-339,1021,1256,-502,144,1289,-403,1026,1264,-598,142,1296,-436,1013,1260,-494,155,1289,-375,631,902,-5,510,897,5,703,667,-51,503,641,-34,790,445,230,494,421,227,777,418,241,506,399,235,846,375,-62,481,346,-70,
564,1324,-594,576,1342,-553,583,1342,-553,591,1342,-553,554,1341,-550,547,1341,-550,538,1340,-550,603,1334,-290,527,1330,-286,578,1305,-496,550,1303,-496,660,1226,-114,468,1224,-119,830,1203,-98,314,1220,-85,964,1195,-357,169,1218,-319,1012,1193,-415,130,1223,-379,1019,1199,-505,130,1228,-442,1005,1198,-408,142,1224,-360,624,905,6,503,901,-6,690,668,-40,493,644,-53,760,444,241,484,422,186,743,418,251,493,401,193,816,378,-46,481,345,-107,
560,1326,-531,572,1343,-486,579,1343,-486,587,1342,-486,548,1343,-491,542,1343,-491,533,1342,-491,597,1336,-218,520,1333,-245,573,1307,-432,543,1306,-440,655,1223,-34,459,1224,-108,815,1179,1,309,1190,-99,957,1145,-260,167,1163,-341,1002,1136,-319,129,1164,-407,1007,1139,-407,128,1168,-477,992,1140,-310,141,1164,-372,618,907,28,496,905,-28,675,667,6,487,646,-74,729,443,222,478,422,131,707,417,225,487,401,135,791,377,-55,480,346,-159,
552,1328,-417,565,1345,-372,572,1344,-372,579,1344,-372,542,1346,-375,535,1346,-375,528,1346,-375,590,1336,-128,516,1335,-145,566,1309,-329,536,1309,-334,647,1219,12,451,1221,-29,785,1150,47,312,1159,-1,941,1101,-174,176,1109,-204,993,1085,-226,137,1103,-256,993,1089,-310,135,1106,-336,985,1091,-222,148,1105,-248,612,913,24,491,909,-24,661,667,-9,481,651,-80,698,436,156,475,426,103,678,409,157,485,406,105,755,373,-112,478,349,-170,
548,1329,-467,559,1346,-426,567,1346,-427,574,1345,-427,535,1346,-427,527,1346,-427,521,1346,-427,584,1337,-191,509,1335,-194,562,1310,-382,531,1309,-383,641,1216,-46,446,1217,-67,773,1122,12,319,1133,-33,911,1060,-198,191,1061,-240,960,1038,-246,152,1051,-293,964,1039,-329,151,1051,-369,950,1043,-243,163,1051,-283,607,912,23,488,909,-23,644,666,-9,479,653,-62,675,435,176,477,430,122,660,408,178,489,411,124,715,372,-93,478,352,-149,
541,1328,-492,552,1346,-444,560,1346,-444,567,1345,-444,529,1346,-441,520,1346,-441,515,1346,-441,577,1336,-214,504,1335,-227,555,1309,-402,524,1309,-399,636,1213,-70,442,1212,-87,751,1101,-23,324,1107,-43,868,1020,-242,202,1019,-258,906,992,-293,166,1002,-313,909,991,-375,166,1000,-394,894,999,-286,178,1002,-303,604,914,19,486,910,-19,631,662,-21,475,653,-56,650,432,167,476,433,130,632,403,169,491,414,132,683,372,-102,477,355,-142,
536,1328,-716,548,1346,-680,556,1346,-680,563,1345,-680,525,1346,-683,516,1346,-683,510,1345,-683,572,1336,-429,499,1334,-448,551,1309,-620,520,1308,-624,632,1211,-216,440,1209,-258,729,1082,-25,327,1084,-170,847,978,-280,218,981,-397,878,946,-335,179,957,-454,881,942,-405,173,955,-551,868,952,-324,189,959,-445,601,916,20,484,913,-20,620,662,-19,477,655,-55,632,431,186,478,435,154,615,403,188,492,416,158,663,369,-94,478,356,-123,
531,1328,-756,542,1346,-721,550,1346,-721,558,1344,-721,519,1346,-724,511,1346,-724,505,1345,-724,567,1336,-466,495,1334,-487,546,1309,-658,515,1308,-664,629,1207,-246,437,1204,-292,708,1068,-49,341,1067,-195,807,954,-293,249,948,-413,839,919,-346,215,917,-472,840,914,-420,209,914,-567,829,925,-338,222,921,-460,599,916,21,482,914,-21,610,660,-9,478,658,-55,612,430,225,479,436,180,597,403,230,493,417,188,642,363,-61,478,360,-111,
528,1328,-837,539,1346,-803,547,1345,-803,554,1344,-803,516,1346,-807,507,1345,-807,501,1345,-807,563,1335,-542,492,1334,-567,543,1308,-737,512,1308,-744,629,1203,-314,433,1197,-360,692,1050,-156,359,1051,-251,778,916,-363,281,920,-463,809,875,-412,252,887,-523,809,872,-508,248,884,-617,797,883,-408,260,891,-508,598,916,22,480,913,-22,599,656,0,477,660,-54,597,426,281,479,435,230,588,403,290,491,416,241,623,360,-11,478,359,-68,
524,1328,-767,535,1346,-732,543,1345,-732,551,1344,-732,512,1346,-733,503,1345,-733,497,1344,-733,561,1335,-486,488,1334,-497,540,1308,-673,508,1308,-676,627,1199,-285,432,1192,-309,679,1040,-148,372,1038,-209,753,890,-353,310,899,-415,776,851,-409,281,862,-475,772,847,-495,281,860,-559,763,859,-402,294,868,-458,595,911,22,478,912,-22,592,645,-9,477,660,-58,593,423,296,480,435,273,586,403,309,491,417,290,622,353,15,479,359,-2,
522,1327,-743,533,1345,-710,542,1345,-710,550,1344,-710,510,1345,-710,501,1345,-710,495,1344,-710,560,1334,-474,487,1333,-476,538,1307,-652,505,1306,-653,626,1198,-283,432,1189,-290,665,1039,-147,389,1032,-192,722,887,-341,335,883,-382,739,845,-391,315,842,-435,733,840,-471,319,837,-529,725,855,-377,329,849,-422,592,910,14,477,912,-14,587,647,-38,476,660,-56,589,423,271,481,435,260,583,403,290,492,418,275,620,351,-11,480,360,-14,
520,1325,-746,532,1344,-715,540,1343,-715,548,1342,-715,508,1344,-714,500,1343,-714,494,1342,-714,558,1333,-480,486,1331,-479,537,1306,-655,504,1305,-655,626,1197,-284,433,1187,-289,655,1036,-144,403,1026,-184,697,881,-325,361,878,-367,712,840,-375,345,838,-421,706,835,-452,350,833,-509,698,849,-358,359,847,-404,588,910,10,475,912,-10,587,647,-60,475,663,-56,592,424,230,481,434,248,586,403,244,492,418,259,622,350,-58,481,359,-24,
521,1323,-729,532,1342,-697,540,1342,-697,547,1341,-697,509,1342,-698,500,1341,-698,493,1340,-698,557,1331,-460,486,1329,-467,536,1303,-637,504,1302,-639,626,1196,-263,432,1187,-281,644,1028,-120,417,1028,-181,670,874,-284,388,880,-351,683,836,-334,371,837,-408,676,831,-413,379,833,-487,669,845,-318,388,847,-384,587,911,8,474,912,-8,586,649,-66,474,665,-60,593,424,216,481,434,236,587,405,227,491,418,248,617,350,-72,481,359,-45,
521,1323,-726,533,1342,-694,540,1342,-694,548,1341,-694,509,1342,-695,501,1341,-695,493,1340,-695,557,1331,-456,485,1328,-465,537,1303,-634,504,1302,-637,626,1193,-262,432,1187,-282,638,1025,-121,423,1025,-180,647,876,-279,402,881,-335,653,837,-330,393,838,-394,645,833,-405,401,834,-469,639,846,-312,406,848,-369,587,912,7,475,915,-7,584,654,-71,473,671,-59,593,424,186,481,434,217,588,405,194,491,418,225,619,350,-109,481,361,-75,
521,1323,-721,533,1342,-689,541,1342,-689,549,1341,-689,509,1342,-691,501,1341,-691,493,1340,-691,558,1331,-448,485,1328,-459,538,1303,-628,504,1302,-631,627,1193,-255,432,1187,-274,632,1028,-102,431,1028,-151,633,882,-257,418,892,-298,637,843,-308,414,854,-354,629,840,-381,419,851,-428,624,853,-289,423,863,-332,587,914,7,475,917,-7,585,660,-90,473,671,-76,591,424,166,479,434,197,584,405,173,489,418,205,618,349,-141,479,362,-106,
522,1323,-733,534,1342,-699,542,1342,-699,549,1341,-700,510,1342,-703,501,1341,-703,493,1340,-703,559,1331,-452,485,1328,-468,539,1303,-637,505,1302,-642,627,1193,-253,432,1187,-272,637,1029,-102,432,1029,-146,641,881,-262,420,893,-302,647,841,-315,416,858,-358,638,837,-390,420,856,-436,633,851,-295,424,866,-337,588,915,7,475,917,-7,586,660,-78,473,670,-71,590,423,172,480,434,195,580,401,178,490,417,202,619,347,-139,479,360,-110,
523,1323,-769,534,1343,-737,542,1342,-737,550,1341,-737,510,1342,-741,502,1341,-741,494,1340,-741,559,1331,-490,486,1327,-506,539,1303,-673,506,1302,-678,627,1192,-280,433,1186,-304,643,1028,-116,431,1029,-170,653,880,-271,415,892,-304,660,841,-324,412,856,-362,651,837,-400,417,854,-439,646,851,-306,420,864,-341,588,915,7,476,918,-7,587,659,-71,473,670,-71,587,422,177,479,434,194,577,400,181,490,416,200,616,346,-135,479,358,-112,
522,1323,-781,534,1343,-749,542,1342,-749,550,1341,-749,510,1343,-751,502,1342,-752,494,1341,-751,559,1331,-505,486,1327,-515,539,1303,-685,506,1302,-688,627,1193,-295,433,1187,-310,646,1026,-134,430,1033,-182,659,881,-281,410,895,-334,668,841,-333,406,858,-393,659,838,-415,412,856,-473,653,852,-316,416,866,-369,589,916,5,476,920,-5,588,659,-67,473,669,-57,589,422,167,479,434,193,579,400,169,490,416,197,614,346,-152,479,358,-112,
522,1324,-763,534,1343,-731,542,1342,-731,550,1341,-731,510,1343,-732,503,1342,-732,494,1341,-732,560,1331,-488,486,1328,-496,539,1303,-668,506,1303,-671,628,1193,-284,433,1187,-300,649,1027,-132,429,1034,-167,662,880,-281,410,896,-328,670,839,-333,405,859,-388,661,836,-415,411,857,-468,655,850,-316,416,866,-364,589,916,3,475,920,-3,590,659,-72,473,667,-56,592,422,158,479,434,184,582,399,161,490,414,188,613,346,-160,479,357,-120,
522,1323,-784,534,1343,-753,543,1342,-753,550,1341,-753,511,1343,-754,503,1342,-754,495,1341,-754,560,1331,-512,487,1327,-516,540,1303,-689,506,1303,-690,629,1193,-301,434,1187,-308,650,1025,-141,430,1036,-174,666,880,-289,408,896,-336,675,840,-342,402,860,-396,665,837,-426,408,857,-478,659,851,-324,413,867,-373,590,916,3,476,920,-3,592,657,-79,473,667,-59,594,421,165,479,433,185,584,395,169,490,413,190,616,346,-154,479,356,-122,
522,1322,-780,535,1342,-749,543,1341,-749,550,1340,-750,511,1342,-751,503,1341,-751,495,1340,-751,560,1330,-507,487,1327,-512,540,1302,-684,506,1302,-686,630,1193,-297,436,1188,-301,652,1026,-138,430,1036,-165,667,880,-288,406,896,-331,677,841,-340,399,859,-390,665,838,-426,405,856,-473,659,852,-323,411,866,-368,591,915,0,476,920,-1,596,656,-82,473,667,-59,597,420,169,479,432,187,586,394,174,490,411,192,615,346,-150,479,355,-120,
524,1321,-773,536,1341,-742,544,1341,-742,551,1340,-743,512,1341,-744,504,1340,-744,496,1339,-744,562,1330,-501,488,1326,-507,541,1301,-678,508,1301,-680,631,1192,-292,438,1188,-297,652,1025,-134,429,1035,-163,668,880,-282,405,892,-332,677,841,-333,396,856,-390,665,838,-419,404,852,-473,659,852,-318,410,863,-369,593,915,-2,477,919,2,600,656,-80,473,665,-54,603,420,169,479,431,187,590,394,173,491,409,191,616,346,-151,478,351,-119,
526,1321,-780,539,1341,-750,546,1340,-750,552,1340,-750,514,1340,-751,505,1339,-751,499,1338,-751,565,1330,-512,489,1325,-515,544,1301,-686,511,1301,-687,635,1192,-300,441,1188,-304,653,1023,-137,430,1032,-171,668,881,-287,405,889,-342,677,842,-336,396,851,-402,666,839,-423,405,847,-482,659,854,-323,411,859,-378,595,914,-4,478,918,4,603,653,-80,474,664,-50,606,420,171,479,430,188,593,393,175,492,407,193,618,345,-146,478,349,-117,
530,1319,-802,542,1339,-773,549,1339,-773,555,1339,-773,517,1338,-774,508,1337,-774,501,1336,-774,567,1329,-535,491,1324,-539,547,1299,-708,515,1299,-709,638,1190,-322,443,1188,-324,653,1019,-153,432,1031,-189,666,880,-299,406,889,-357,675,840,-347,398,852,-415,664,839,-434,406,848,-498,658,853,-335,412,860,-394,598,914,-4,480,918,4,607,653,-79,475,663,-47,610,421,170,480,429,187,596,394,174,493,406,191,618,345,-147,478,349,-117,
534,1319,-787,546,1338,-756,551,1338,-756,558,1338,-756,522,1337,-759,512,1337,-759,505,1335,-759,570,1329,-521,494,1324,-535,550,1299,-694,519,1299,-698,641,1189,-316,445,1188,-318,654,1018,-149,433,1031,-186,666,879,-295,408,887,-355,674,839,-344,400,848,-415,663,838,-430,410,845,-495,657,853,-332,416,858,-392,600,913,-4,482,917,4,610,652,-72,477,660,-47,612,421,178,481,428,186,598,394,182,494,405,190,619,344,-135,478,349,-117,
537,1317,-767,549,1337,-735,554,1337,-735,562,1337,-735,525,1336,-739,515,1336,-739,507,1335,-739,573,1328,-498,497,1324,-514,552,1297,-675,522,1298,-679,642,1188,-298,447,1188,-305,654,1016,-137,433,1030,-180,668,878,-287,410,888,-353,676,839,-337,402,848,-415,665,838,-422,412,845,-492,659,853,-324,418,858,-388,601,913,-4,484,916,4,611,651,-71,477,660,-47,614,422,178,482,427,186,601,395,183,496,404,190,619,344,-133,478,348,-116,
539,1316,-793,551,1336,-763,557,1336,-763,565,1336,-763,527,1335,-765,518,1334,-765,510,1333,-765,575,1327,-525,500,1323,-534,555,1296,-699,525,1297,-702,643,1187,-319,448,1188,-318,654,1015,-153,435,1029,-185,668,878,-300,412,888,-354,677,839,-349,405,848,-414,666,838,-436,415,845,-492,660,853,-337,421,858,-389,602,913,-5,485,916,5,612,652,-74,478,660,-46,617,422,173,483,427,185,605,395,177,496,404,189,620,344,-142,478,347,-117,
542,1315,-810,553,1334,-780,559,1334,-780,568,1335,-780,530,1333,-783,520,1333,-783,512,1332,-783,577,1326,-537,503,1322,-546,557,1294,-714,528,1295,-717,645,1187,-323,450,1187,-325,656,1016,-155,437,1029,-187,668,878,-310,417,888,-357,677,839,-361,412,848,-416,667,837,-448,419,845,-498,660,852,-347,425,858,-393,603,912,-5,486,916,5,614,652,-79,480,660,-48,618,422,175,483,427,186,606,395,179,496,404,190,621,342,-141,478,346,-117,
