563,1296,-483,572,1316,-446,579,1316,-446,586,1316,-446,551,1314,-445,543,1314,-445,536,1314,-444,598,1304,-255,527,1303,-245,577,1276,-412,551,1275,-408,655,1214,-245,488,1208,-200,674,1363,-423,443,1372,-339,680,1515,-550,419,1530,-445,682,1547,-634,413,1559,-516,675,1554,-634,428,1566,-517,669,1543,-565,434,1556,-461,628,886,-17,506,887,17,640,628,38,485,641,76,644,408,289,464,407,332,631,380,299,473,381,341,679,329,33,435,322,101,
562,1296,-454,571,1316,-414,578,1316,-414,585,1316,-414,550,1314,-410,542,1313,-410,535,1312,-410,597,1304,-222,527,1302,-198,577,1276,-384,551,1275,-377,654,1214,-223,489,1209,-176,672,1365,-410,445,1366,-330,680,1513,-530,420,1530,-432,683,1546,-612,415,1559,-508,675,1554,-615,430,1566,-510,670,1543,-547,435,1557,-449,627,886,-16,506,886,16,641,628,38,486,639,72,650,406,299,466,407,341,633,379,310,477,381,352,685,326,40,437,323,105,
561,1296,-431,570,1316,-390,577,1316,-390,585,1316,-390,549,1313,-386,542,1312,-386,535,1311,-386,597,1304,-199,527,1301,-176,577,1276,-360,550,1275,-354,654,1214,-203,490,1210,-153,672,1365,-389,446,1364,-307,680,1513,-503,420,1530,-407,683,1546,-583,416,1559,-484,676,1554,-586,430,1566,-486,671,1543,-519,435,1558,-425,626,886,-17,505,885,16,642,628,33,487,638,70,652,403,298,469,407,343,633,378,309,482,382,354,688,325,40,438,323,109,
561,1295,-433,570,1315,-393,577,1316,-393,585,1316,-393,549,1312,-390,542,1312,-390,535,1310,-390,597,1303,-202,526,1300,-182,577,1276,-362,550,1275,-356,653,1214,-204,490,1211,-157,671,1366,-388,447,1362,-310,680,1512,-502,420,1530,-409,683,1546,-582,416,1559,-485,676,1554,-584,430,1566,-489,671,1543,-518,435,1558,-427,626,886,-17,505,885,17,642,628,28,487,637,70,652,402,294,470,407,344,633,378,305,485,382,355,687,325,39,438,324,113,
560,1295,-437,569,1315,-398,576,1315,-398,584,1315,-399,548,1312,-395,541,1311,-395,534,1309,-395,596,1303,-208,526,1300,-189,576,1276,-366,549,1275,-361,653,1214,-208,490,1212,-162,671,1366,-392,448,1362,-313,681,1512,-505,420,1530,-413,683,1546,-585,416,1560,-488,676,1554,-588,430,1567,-491,671,1544,-521,436,1558,-431,625,886,-17,505,885,17,643,628,27,487,637,70,653,401,294,471,407,344,633,378,304,486,382,355,687,324,39,438,324,114,
559,1295,-441,568,1314,-404,575,1315,-404,583,1315,-404,547,1312,-400,540,1310,-400,533,1309,-400,596,1303,-218,526,1300,-192,576,1276,-371,548,1275,-364,652,1214,-217,490,1213,-170,670,1367,-401,448,1363,-321,681,1513,-506,420,1530,-416,683,1547,-589,416,1561,-491,676,1555,-591,430,1568,-497,671,1546,-522,435,1559,-435,625,886,-18,505,885,17,643,627,28,488,636,72,653,401,296,472,407,351,633,378,307,487,383,362,687,324,43,438,324,122,
558,1295,-465,567,1314,-431,574,1315,-431,582,1315,-431,546,1311,-426,539,1310,-425,532,1309,-425,595,1303,-247,526,1299,-218,575,1276,-396,547,1275,-387,652,1214,-242,490,1213,-190,669,1367,-427,448,1363,-337,681,1516,-531,420,1530,-432,683,1548,-611,415,1562,-505,676,1557,-612,429,1568,-513,671,1549,-546,435,1560,-451,625,887,-18,505,886,18,643,627,30,488,636,75,653,401,304,472,407,359,633,379,315,486,383,371,687,324,53,439,325,131,
557,1294,-475,567,1314,-439,574,1315,-439,582,1315,-439,545,1311,-435,538,1309,-435,531,1308,-435,595,1303,-253,525,1299,-228,575,1276,-404,547,1274,-397,652,1214,-246,491,1213,-198,669,1367,-428,448,1363,-343,681,1516,-532,419,1530,-438,683,1548,-611,415,1563,-510,676,1557,-612,429,1569,-518,671,1549,-547,435,1560,-457,625,887,-19,505,886,18,643,627,30,489,635,78,653,401,305,472,407,363,633,379,317,486,383,375,687,324,56,439,325,136,
556,1294,-475,566,1314,-439,574,1314,-439,582,1315,-439,545,1311,-435,538,1309,-435,530,1308,-434,595,1303,-253,524,1299,-227,574,1276,-405,546,1274,-397,651,1214,-247,491,1213,-197,669,1367,-431,448,1363,-343,681,1516,-538,419,1531,-438,683,1548,-618,415,1563,-512,675,1557,-619,429,1569,-518,670,1550,-553,435,1561,-457,625,887,-19,505,886,18,643,627,31,489,635,79,653,401,308,472,407,365,633,379,320,486,383,377,687,324,60,439,325,138,
556,1294,-481,566,1314,-445,574,1314,-445,582,1315,-445,544,1311,-441,537,1309,-441,530,1308,-441,595,1303,-258,524,1299,-233,574,1276,-411,546,1274,-404,651,1214,-254,490,1213,-202,669,1367,-440,448,1363,-349,681,1516,-553,419,1531,-445,683,1548,-634,414,1563,-519,674,1557,-635,429,1569,-525,670,1550,-568,434,1561,-464,624,887,-19,505,886,19,643,627,31,489,635,80,653,401,308,472,407,365,633,380,319,486,383,376,687,324,59,439,325,137,
556,1294,-483,566,1314,-447,573,1314,-447,582,1315,-447,544,1311,-443,537,1309,-443,530,1308,-442,595,1303,-258,524,1299,-234,574,1276,-412,545,1274,-405,650,1214,-256,490,1213,-202,668,1367,-443,449,1363,-349,681,1516,-559,419,1531,-446,683,1548,-641,413,1563,-521,674,1557,-643,428,1569,-527,670,1549,-574,433,1561,-465,624,887,-19,504,885,19,643,627,33,489,635,83,653,401,313,472,407,372,633,380,325,486,383,384,686,324,63,439,325,144,
556,1294,-478,566,1314,-442,573,1314,-442,581,1315,-442,544,1311,-437,537,1309,-436,530,1308,-436,595,1303,-256,524,1299,-226,574,1276,-408,545,1274,-399,650,1214,-255,490,1213,-192,668,1367,-440,448,1363,-334,681,1516,-556,418,1530,-436,683,1548,-637,412,1563,-511,674,1558,-639,426,1569,-518,670,1550,-571,431,1561,-455,624,887,-20,504,886,19,643,627,33,489,635,83,653,401,311,472,407,370,633,380,322,486,383,382,686,324,60,439,325,142,
554,1294,-439,565,1314,-402,573,1314,-402,581,1315,-402,543,1311,-395,536,1310,-395,529,1308,-395,594,1303,-218,524,1299,-182,573,1276,-370,544,1274,-360,650,1214,-227,490,1213,-146,668,1367,-420,448,1362,-285,681,1515,-536,417,1529,-392,683,1548,-618,411,1563,-469,674,1558,-620,423,1569,-474,670,1549,-551,429,1561,-411,624,887,-21,504,886,21,643,627,32,490,635,82,653,401,306,472,407,367,633,380,318,486,384,379,686,324,55,439,326,139,
554,1294,-445,565,1314,-408,573,1314,-408,581,1315,-408,543,1311,-402,536,1310,-402,529,1308,-402,594,1303,-223,524,1299,-191,572,1276,-375,543,1274,-366,649,1214,-228,490,1213,-156,668,1367,-421,447,1362,-297,681,1514,-538,417,1528,-401,683,1548,-621,410,1563,-477,674,1558,-623,422,1569,-482,670,1549,-553,427,1560,-420,623,887,-21,504,885,21,643,627,32,490,635,83,654,402,306,472,407,366,633,380,317,486,384,378,685,324,55,439,326,139,
554,1294,-440,565,1314,-404,572,1314,-404,580,1314,-404,543,1311,-398,536,1310,-398,528,1308,-397,594,1303,-219,523,1299,-186,572,1275,-371,543,1274,-361,649,1214,-225,490,1213,-152,668,1366,-420,447,1362,-295,681,1512,-539,417,1528,-402,683,1548,-623,410,1562,-478,674,1557,-625,422,1568,-484,670,1548,-554,427,1560,-421,623,887,-23,504,885,22,643,627,31,490,635,82,654,402,303,472,407,366,634,380,315,486,384,377,685,323,51,439,326,138,
553,1294,-439,564,1313,-403,572,1314,-403,580,1314,-403,542,1311,-397,535,1310,-396,528,1308,-396,594,1303,-219,523,1299,-184,571,1275,-370,542,1274,-360,648,1214,-226,490,1213,-149,668,1366,-422,446,1362,-292,681,1512,-544,416,1528,-400,682,1547,-628,409,1562,-476,674,1557,-630,421,1568,-481,670,1547,-559,427,1560,-419,623,887,-24,504,886,24,643,627,30,490,635,83,654,402,303,472,407,365,634,380,314,486,384,377,685,323,49,439,326,138,
552,1294,-439,564,1313,-403,571,1314,-403,579,1314,-403,541,1311,-395,534,1310,-395,527,1308,-395,593,1303,-220,522,1299,-181,570,1275,-370,541,1274,-359,647,1214,-227,489,1213,-147,668,1366,-426,445,1362,-290,681,1512,-549,416,1528,-398,682,1547,-633,409,1561,-474,674,1557,-635,421,1568,-478,670,1547,-564,426,1560,-416,623,887,-25,504,886,25,643,627,26,490,635,83,654,402,294,472,407,363,634,380,305,486,384,374,684,323,39,439,326,135,
551,1294,-440,563,1313,-405,571,1314,-405,579,1314,-405,541,1311,-397,533,1310,-397,526,1308,-397,593,1303,-221,522,1299,-183,569,1275,-372,541,1274,-361,647,1214,-228,489,1213,-148,668,1366,-434,445,1362,-292,681,1512,-560,416,1527,-400,682,1547,-645,409,1561,-476,674,1557,-647,421,1568,-480,670,1547,-576,426,1559,-419,623,888,-27,504,886,27,643,627,24,490,635,83,654,401,291,472,407,363,634,380,302,486,384,374,684,323,35,439,326,135,
550,1293,-416,562,1313,-381,570,1314,-381,578,1314,-381,540,1311,-372,532,1310,-372,525,1308,-372,592,1303,-201,522,1299,-155,568,1275,-348,540,1274,-335,647,1214,-214,489,1213,-119,667,1365,-426,444,1362,-265,681,1511,-559,416,1527,-382,682,1547,-644,409,1561,-459,674,1557,-646,420,1568,-464,670,1546,-574,426,1558,-401,623,888,-29,504,886,28,643,627,16,490,635,81,654,401,274,472,407,347,634,380,284,486,384,357,684,323,17,439,326,120,
549,1293,-399,561,1313,-364,569,1314,-364,577,1314,-364,539,1311,-356,532,1309,-355,525,1308,-355,592,1303,-186,521,1299,-140,567,1275,-332,539,1273,-319,646,1214,-201,488,1213,-105,667,1363,-414,444,1362,-250,680,1510,-548,416,1527,-369,682,1547,-635,408,1561,-447,674,1556,-636,420,1567,-452,670,1545,-563,426,1558,-388,622,889,-29,504,886,29,643,627,12,491,635,78,654,401,267,472,407,339,634,380,277,486,384,349,684,323,11,439,326,113,
548,1293,-389,560,1313,-354,568,1314,-354,576,1314,-354,538,1310,-345,531,1309,-345,524,1308,-345,591,1303,-176,521,1299,-131,566,1275,-322,538,1273,-309,645,1214,-193,488,1212,-97,667,1363,-403,444,1362,-239,680,1510,-533,416,1527,-358,682,1547,-620,408,1561,-436,674,1555,-621,420,1567,-442,670,1544,-548,425,1558,-378,622,889,-30,503,887,30,643,627,12,491,635,77,654,401,266,472,407,338,634,380,276,486,384,348,684,323,11,439,327,113,
548,1293,-387,560,1313,-352,568,1314,-352,576,1314,-352,538,1310,-344,530,1309,-344,524,1308,-344,590,1303,-174,520,1299,-134,566,1275,-320,538,1273,-308,645,1214,-188,488,1212,-102,667,1363,-390,443,1363,-245,680,1510,-516,416,1527,-362,682,1547,-601,408,1561,-439,673,1555,-603,419,1567,-446,669,1544,-531,425,1558,-381,622,889,-30,503,887,30,643,627,13,491,635,72,654,401,266,472,407,332,634,380,276,486,384,342,684,323,12,439,327,107,
547,1293,-384,559,1313,-349,567,1314,-349,575,1314,-349,537,1310,-341,530,1309,-341,523,1308,-341,590,1303,-171,520,1299,-130,565,1275,-317,537,1273,-305,644,1214,-185,488,1212,-99,666,1363,-387,443,1363,-241,679,1510,-511,415,1527,-356,681,1546,-596,407,1561,-434,673,1555,-598,419,1567,-440,669,1544,-526,425,1558,-376,622,889,-30,503,887,30,643,627,13,491,635,69,654,401,267,472,407,333,634,379,277,486,385,343,684,323,14,439,327,108,
547,1292,-389,559,1312,-353,567,1313,-353,575,1313,-354,536,1310,-348,529,1309,-347,523,1308,-347,589,1303,-174,519,1299,-141,565,1274,-321,537,1273,-312,644,1214,-185,487,1212,-112,666,1363,-389,442,1363,-257,678,1510,-513,414,1527,-366,680,1546,-598,406,1561,-443,672,1555,-600,417,1567,-449,668,1544,-528,423,1558,-386,622,889,-28,503,887,28,643,627,13,491,635,66,654,400,266,472,407,330,634,379,275,486,385,340,684,323,12,439,327,103,
547,1292,-423,559,1312,-386,567,1313,-386,575,1313,-386,536,1310,-382,529,1309,-382,522,1308,-382,589,1302,-202,518,1298,-179,565,1274,-353,537,1272,-347,643,1213,-209,486,1209,-142,665,1363,-404,440,1362,-288,677,1509,-525,412,1526,-395,678,1546,-610,404,1559,-469,670,1555,-612,415,1566,-474,666,1543,-541,421,1556,-414,622,889,-28,503,886,28,643,627,9,491,635,67,654,400,255,472,407,327,633,378,264,486,384,337,684,323,4,439,327,102,
545,1292,-462,557,1312,-427,565,1313,-427,573,1313,-427,534,1309,-420,526,1309,-420,520,1308,-420,588,1302,-243,516,1298,-207,563,1273,-392,534,1272,-382,642,1212,-243,485,1208,-167,665,1363,-442,435,1361,-315,676,1510,-572,410,1526,-426,677,1546,-656,401,1559,-501,669,1555,-660,413,1565,-504,665,1544,-588,419,1556,-444,621,889,-28,502,886,28,643,627,0,491,635,67,654,399,246,473,407,328,633,377,254,486,384,337,685,322,-7,439,326,102,
543,1291,-474,556,1311,-439,564,1312,-439,572,1312,-439,532,1309,-431,525,1308,-431,518,1307,-431,587,1302,-256,514,1298,-215,561,1273,-404,532,1271,-392,640,1212,-259,483,1208,-172,665,1362,-465,429,1361,-321,676,1510,-601,405,1526,-434,676,1547,-686,397,1559,-509,668,1556,-690,408,1565,-513,665,1544,-617,414,1556,-452,617,888,-28,499,886,28,643,627,-4,490,635,70,653,399,244,473,406,330,631,376,253,486,384,339,685,322,-11,439,326,103,
542,1291,-550,554,1311,-515,562,1312,-515,571,1312,-515,530,1308,-509,523,1308,-509,517,1307,-509,585,1301,-323,512,1298,-292,559,1273,-477,530,1271,-468,638,1211,-311,477,1207,-234,666,1360,-495,413,1359,-383,676,1511,-623,395,1523,-494,675,1548,-707,385,1556,-572,668,1557,-713,397,1563,-569,664,1546,-640,404,1554,-510,615,888,-28,497,885,28,641,627,-3,489,635,86,652,399,255,473,406,353,629,376,265,487,383,363,684,322,-3,439,325,127,
537,1290,-657,550,1310,-623,559,1311,-623,568,1311,-624,527,1308,-614,520,1307,-614,514,1307,-614,584,1301,-425,511,1298,-379,554,1272,-580,526,1271,-567,637,1210,-388,475,1206,-296,669,1359,-562,399,1352,-432,676,1515,-682,379,1519,-552,675,1553,-765,368,1552,-633,668,1561,-772,382,1559,-627,665,1551,-698,389,1550,-566,608,888,-29,492,885,29,635,627,6,485,635,106,650,398,287,472,406,383,627,376,298,486,383,394,683,323,18,439,325,149,
530,1290,-692,545,1310,-658,554,1311,-658,562,1311,-658,522,1308,-649,516,1307,-649,510,1307,-649,580,1301,-458,508,1298,-414,548,1272,-616,520,1271,-603,633,1208,-423,469,1204,-334,673,1357,-601,385,1345,-487,677,1515,-723,366,1515,-609,676,1553,-807,356,1548,-692,668,1561,-816,372,1555,-682,665,1551,-740,379,1545,-622,604,888,-28,486,885,28,632,626,10,479,635,109,649,398,301,472,406,387,626,376,313,486,383,398,683,323,28,439,325,148,
528,1290,-705,542,1310,-669,550,1311,-669,559,1311,-669,519,1308,-664,513,1307,-664,507,1306,-664,577,1300,-455,504,1298,-428,545,1271,-623,518,1270,-615,628,1208,-402,461,1204,-339,679,1355,-560,369,1343,-483,681,1515,-690,351,1511,-611,678,1553,-775,341,1542,-694,669,1559,-785,358,1549,-688,666,1549,-709,365,1540,-625,597,888,-27,480,885,27,628,626,20,475,634,106,648,398,319,472,405,388,626,376,331,486,383,400,682,323,41,439,325,144,
524,1289,-727,537,1309,-691,546,1310,-691,555,1310,-691,514,1307,-686,508,1307,-686,502,1306,-686,571,1299,-475,498,1298,-449,541,1270,-644,513,1269,-637,621,1207,-406,449,1203,-345,690,1349,-546,353,1339,-474,685,1512,-666,340,1500,-608,681,1550,-750,330,1535,-690,669,1554,-758,346,1541,-683,667,1543,-683,354,1530,-622,590,888,-27,472,885,27,624,626,20,469,632,110,648,397,312,472,404,389,626,374,324,486,381,401,682,324,39,438,325,146,
514,1288,-710,527,1309,-653,536,1310,-653,545,1310,-654,506,1307,-632,500,1307,-632,493,1306,-632,562,1299,-390,492,1298,-331,531,1270,-597,506,1269,-573,613,1205,-283,442,1200,-201,697,1339,-378,335,1330,-289,687,1494,-490,326,1482,-466,684,1537,-568,318,1518,-557,671,1542,-579,333,1524,-548,668,1526,-509,341,1511,-481,581,888,-29,464,885,28,613,626,-5,463,632,89,644,397,271,467,403,360,624,374,282,481,380,371,681,326,-10,438,325,105,
505,1290,-462,517,1310,-415,526,1310,-415,535,1311,-416,497,1308,-404,490,1307,-404,483,1306,-404,553,1301,-185,483,1298,-133,523,1272,-377,498,1272,-362,606,1203,-90,429,1198,-27,711,1324,-154,316,1312,-113,692,1470,-255,311,1463,-297,688,1513,-324,307,1500,-391,675,1518,-339,322,1507,-376,673,1500,-275,328,1493,-311,573,888,-27,455,885,27,604,626,-23,457,630,23,643,397,235,461,400,268,625,372,243,474,380,275,680,329,-61,438,322,-4,
498,1291,-353,510,1311,-300,519,1312,-300,529,1312,-300,490,1308,-293,483,1308,-293,476,1306,-293,546,1302,-59,474,1298,-23,517,1273,-267,491,1272,-257,599,1202,40,418,1197,100,724,1305,-14,290,1294,44,693,1450,-88,298,1445,-98,688,1490,-149,296,1479,-184,675,1495,-145,311,1482,-157,673,1478,-99,317,1471,-106,567,889,-25,447,885,25,597,627,-28,450,630,4,633,399,231,454,401,246,617,373,241,468,380,254,671,334,-61,436,322,-25,
490,1299,-259,502,1317,-207,511,1318,-207,521,1318,-207,482,1315,-196,475,1314,-196,468,1313,-196,538,1306,17,466,1300,70,509,1280,-182,483,1280,-167,595,1202,97,408,1197,205,730,1274,19,264,1264,194,693,1424,-47,282,1411,112,688,1457,-98,284,1445,45,675,1462,-82,298,1446,84,674,1449,-51,301,1436,111,561,890,-26,442,886,26,595,636,-39,445,631,-3,620,408,214,445,404,217,606,377,224,458,384,224,653,349,-71,435,327,-50,
486,1301,-375,499,1320,-327,508,1320,-327,517,1320,-327,479,1318,-315,472,1317,-315,464,1316,-315,533,1308,-101,458,1303,-44,504,1280,-296,479,1280,-281,592,1201,3,402,1197,119,738,1235,-100,250,1235,194,697,1383,-233,273,1383,216,692,1417,-286,275,1418,175,678,1419,-274,287,1417,222,677,1407,-239,289,1405,223,557,890,-21,439,886,21,596,644,-82,443,631,-49,605,465,380,444,406,228,588,446,418,456,387,240,624,383,183,435,330,-42,
482,1303,-476,496,1320,-426,505,1320,-426,514,1320,-426,474,1319,-414,468,1318,-414,460,1317,-414,531,1309,-188,452,1305,-133,499,1281,-396,472,1281,-381,588,1199,-59,396,1195,31,738,1198,-176,240,1200,73,699,1338,-302,263,1337,59,695,1373,-334,265,1371,25,681,1376,-351,278,1373,75,678,1363,-258,281,1361,70,554,890,-19,437,886,20,590,670,-165,438,631,-107,573,578,576,442,408,189,556,575,646,452,390,205,590,462,486,435,333,-75,
478,1303,-515,493,1321,-471,502,1321,-471,511,1320,-471,470,1320,-458,464,1320,-458,456,1319,-458,527,1310,-242,448,1307,-186,497,1281,-435,468,1282,-419,587,1195,-88,394,1192,10,733,1155,-243,235,1157,-3,702,1298,-498,253,1301,-52,698,1334,-551,255,1337,-131,683,1340,-525,267,1341,-98,679,1329,-491,270,1330,-69,552,890,-17,436,886,18,580,672,-227,435,631,-102,541,627,617,439,408,220,523,635,700,449,390,227,546,518,573,435,338,-29,
479,1303,-544,492,1321,-500,501,1321,-500,510,1320,-500,468,1321,-492,463,1320,-492,456,1320,-492,524,1310,-261,445,1308,-229,498,1282,-457,466,1283,-449,582,1192,-96,391,1187,-25,721,1117,-272,243,1115,-84,702,1256,-607,243,1259,-321,699,1294,-670,244,1295,-376,684,1300,-644,257,1300,-339,681,1292,-605,260,1292,-316,550,891,-15,436,888,15,560,670,-275,430,631,-72,494,654,569,437,410,287,468,657,653,447,393,317,460,563,553,434,341,77,
476,1303,-549,489,1321,-506,499,1320,-506,507,1320,-507,465,1320,-501,460,1320,-501,454,1320,-501,522,1310,-261,444,1308,-237,495,1282,-458,463,1283,-451,580,1186,-99,391,1182,-28,692,1083,-282,255,1077,-88,704,1222,-722,236,1214,-404,702,1253,-798,232,1247,-463,690,1266,-788,245,1260,-450,686,1256,-729,250,1249,-408,546,891,-13,434,889,14,564,664,-218,425,631,-54,461,665,614,436,411,306,438,693,699,448,393,336,425,590,611,433,344,89,
472,1303,-565,485,1320,-528,494,1320,-528,503,1320,-528,461,1320,-521,456,1320,-521,450,1319,-521,518,1310,-288,441,1308,-262,491,1282,-475,459,1283,-467,579,1182,-123,390,1174,-65,663,1050,-339,260,1046,-180,702,1184,-853,234,1181,-614,702,1213,-939,226,1209,-685,692,1225,-941,236,1222,-682,688,1219,-865,241,1214,-623,546,889,-7,433,888,8,569,661,-244,425,628,-46,463,689,580,436,411,336,441,722,665,447,393,368,422,617,591,433,346,132,
472,1302,-563,485,1319,-525,493,1319,-525,502,1318,-525,461,1318,-520,455,1318,-520,450,1317,-520,516,1309,-283,440,1307,-267,491,1281,-473,458,1282,-468,578,1177,-132,389,1168,-74,644,1034,-361,287,1028,-199,694,1154,-919,235,1153,-658,701,1185,-1010,222,1179,-732,691,1197,-1017,231,1194,-739,688,1190,-934,238,1189,-672,546,885,-6,433,884,6,568,661,-225,427,625,-18,474,719,601,435,411,369,454,755,687,447,392,401,434,656,637,431,348,181,
469,1300,-605,483,1317,-565,490,1317,-565,499,1316,-565,459,1317,-560,453,1316,-560,448,1316,-560,514,1307,-312,439,1305,-293,487,1280,-510,455,1280,-505,578,1173,-156,386,1163,-94,637,1026,-403,301,1019,-232,688,1146,-995,235,1138,-730,699,1175,-1094,219,1161,-812,691,1187,-1102,227,1177,-822,687,1181,-1011,235,1172,-746,545,877,-3,432,876,3,569,656,-267,426,617,-15,466,691,568,433,411,414,446,723,653,446,392,450,421,623,570,431,348,208,
469,1298,-594,483,1316,-555,490,1316,-555,499,1315,-555,459,1316,-551,453,1315,-551,448,1315,-551,513,1304,-305,440,1303,-291,487,1278,-501,455,1278,-496,577,1173,-152,386,1162,-94,640,1028,-376,304,1021,-240,686,1149,-944,235,1136,-746,698,1178,-1039,219,1158,-827,691,1190,-1049,227,1175,-836,687,1185,-960,235,1170,-762,545,877,1,432,875,-1,570,655,-233,427,618,-10,478,714,644,434,413,413,457,751,733,447,394,449,440,651,678,431,349,220,
470,1298,-603,483,1316,-564,491,1316,-564,499,1315,-564,459,1316,-558,453,1315,-558,448,1315,-558,512,1304,-314,440,1302,-291,487,1278,-510,456,1278,-503,578,1173,-154,387,1163,-101,649,1033,-402,302,1028,-269,687,1170,-965,234,1154,-769,699,1195,-1059,220,1178,-851,692,1209,-1058,229,1192,-850,688,1202,-977,236,1186,-781,544,877,0,432,875,0,571,653,-235,427,618,-10,475,704,635,434,415,405,453,740,726,447,397,441,431,638,666,431,350,212,
470,1298,-635,483,1316,-594,491,1316,-594,499,1315,-595,459,1316,-587,452,1315,-587,447,1315,-587,512,1304,-344,440,1302,-317,487,1278,-542,456,1278,-534,578,1174,-189,388,1164,-128,654,1055,-469,292,1042,-275,691,1191,-1021,231,1173,-709,700,1218,-1115,220,1201,-784,693,1231,-1103,231,1215,-774,688,1223,-1029,237,1207,-716,544,877,1,432,875,-1,571,653,-223,428,618,-10,484,698,684,434,425,425,462,732,779,448,409,464,444,628,712,433,350,228,
471,1299,-666,483,1317,-620,491,1317,-620,500,1316,-620,459,1316,-616,453,1315,-616,448,1315,-616,513,1305,-365,441,1302,-352,489,1278,-572,456,1279,-569,578,1175,-209,388,1165,-162,680,1066,-453,275,1058,-251,695,1198,-928,232,1186,-600,700,1224,-1012,222,1210,-647,692,1236,-994,234,1225,-622,688,1229,-932,240,1217,-590,544,880,0,432,879,0,572,655,-287,429,622,-36,485,682,630,434,424,420,465,717,720,448,409,458,454,604,620,433,350,207,
472,1303,-630,484,1322,-588,492,1321,-588,500,1320,-588,460,1319,-583,453,1318,-583,448,1317,-583,513,1308,-343,441,1303,-325,490,1282,-538,457,1281,-533,579,1178,-193,389,1171,-134,706,1102,-420,256,1091,-286,700,1246,-778,234,1235,-653,700,1281,-846,224,1269,-725,692,1290,-812,236,1278,-688,688,1280,-772,242,1267,-649,545,881,0,432,880,0,575,661,-330,429,622,-59,492,657,585,434,424,441,476,668,681,448,408,482,487,552,524,433,350,218,
473,1304,-534,484,1323,-481,492,1322,-481,500,1322,-481,460,1321,-476,454,1319,-476,448,1318,-476,514,1309,-231,441,1304,-208,492,1283,-447,460,1283,-441,579,1185,-88,390,1180,-51,724,1154,-196,244,1144,-112,701,1298,-418,238,1291,-294,700,1334,-474,237,1326,-358,691,1337,-453,249,1330,-320,688,1325,-418,252,1318,-291,545,883,4,433,881,-4,583,665,-285,432,626,-116,511,604,539,435,427,292,491,598,615,447,411,320,541,501,430,434,350,28,
477,1305,-501,487,1323,-445,495,1323,-444,503,1322,-445,464,1322,-443,457,1320,-443,451,1319,-443,514,1310,-179,442,1306,-170,495,1283,-409,464,1283,-407,579,1193,-21,391,1190,-17,732,1198,-75,241,1190,-10,700,1345,-254,244,1339,-97,697,1378,-306,250,1372,-156,686,1382,-303,263,1376,-125,685,1371,-262,264,1365,-97,551,888,15,436,882,-15,592,665,-105,436,629,-126,549,540,584,436,426,200,526,526,637,448,408,217,587,449,457,437,349,-92,
482,1306,-390,493,1324,-331,500,1323,-331,506,1322,-331,470,1322,-331,462,1321,-331,455,1320,-331,517,1310,-57,444,1308,-55,499,1284,-294,469,1284,-294,582,1199,102,393,1197,73,736,1241,59,243,1236,47,700,1388,-92,260,1385,-65,695,1423,-146,267,1418,-139,684,1424,-143,282,1421,-112,683,1413,-102,284,1410,-68,557,893,20,438,886,-20,599,665,-38,438,639,-111,583,489,437,437,424,181,561,467,467,450,402,192,625,411,205,436,348,-129,
490,1307,-298,499,1324,-240,505,1323,-239,511,1323,-240,476,1323,-239,469,1322,-239,462,1321,-239,522,1311,27,449,1309,32,505,1285,-204,477,1285,-204,586,1204,157,399,1201,152,732,1275,81,246,1274,95,700,1426,-72,281,1427,-55,695,1461,-137,287,1461,-141,683,1463,-128,304,1462,-119,682,1453,-81,307,1453,-64,563,898,11,443,890,-11,605,664,-4,440,641,-59,616,454,271,438,422,211,595,428,281,454,401,218,663,386,-16,434,346,-93,
496,1308,-264,504,1325,-208,510,1324,-208,517,1324,-208,482,1324,-208,475,1324,-208,468,1323,-208,528,1311,41,456,1309,44,511,1286,-176,485,1286,-176,591,1208,145,411,1204,127,726,1308,62,273,1304,54,700,1459,-66,299,1461,-79,695,1494,-136,301,1496,-168,683,1500,-133,320,1497,-151,682,1486,-79,324,1485,-90,571,900,10,450,893,-10,613,656,17,445,641,-35,639,430,253,439,419,213,620,398,260,456,399,219,687,365,-37,434,341,-78,
504,1307,-496,513,1324,-446,520,1324,-446,528,1324,-446,491,1323,-448,483,1322,-448,476,1321,-448,541,1311,-197,463,1308,-200,519,1285,-405,495,1284,-407,598,1211,-92,424,1205,-128,721,1336,-172,303,1330,-250,699,1489,-330,315,1490,-389,695,1526,-398,316,1522,-493,684,1533,-368,333,1525,-482,682,1518,-336,336,1513,-405,576,899,10,457,892,-9,621,646,67,447,640,15,661,420,334,440,414,225,646,394,345,456,395,255,697,352,35,433,337,-24,
510,1307,-601,520,1324,-562,529,1324,-562,537,1324,-562,497,1323,-557,489,1322,-557,481,1321,-557,551,1313,-352,471,1308,-321,526,1285,-523,502,1284,-515,606,1215,-276,437,1206,-245,702,1356,-406,337,1350,-376,699,1511,-511,339,1516,-505,697,1548,-588,334,1549,-599,685,1555,-596,352,1549,-585,682,1539,-530,358,1537,-518,581,900,-3,463,895,3,623,644,73,448,640,81,678,425,350,440,414,335,668,401,361,457,395,346,702,347,62,433,336,76,
517,1307,-560,529,1325,-511,537,1324,-510,545,1324,-511,506,1323,-507,499,1322,-507,491,1321,-507,560,1313,-310,485,1308,-266,532,1285,-472,509,1284,-465,614,1218,-290,449,1209,-204,685,1371,-455,372,1358,-341,698,1527,-558,357,1531,-459,700,1563,-634,349,1567,-545,688,1569,-643,366,1569,-536,683,1558,-576,372,1557,-475,587,899,-24,470,895,24,628,639,19,451,639,108,693,414,283,441,415,388,685,389,292,457,396,401,706,337,4,432,336,161,
521,1307,-481,532,1325,-443,540,1324,-443,548,1324,-443,510,1323,-434,503,1322,-434,495,1321,-434,563,1312,-276,490,1308,-233,536,1285,-419,512,1285,-403,620,1220,-240,457,1212,-166,675,1375,-411,396,1368,-319,698,1534,-534,371,1536,-446,701,1566,-613,362,1570,-532,690,1571,-621,377,1573,-527,684,1563,-553,384,1564,-463,597,899,-28,479,894,28,633,633,17,452,638,94,701,410,299,441,415,376,693,385,311,458,396,389,704,337,28,431,335,144,
534,1306,-511,543,1323,-477,550,1323,-477,557,1323,-477,522,1322,-468,514,1321,-468,506,1320,-468,572,1311,-302,498,1308,-261,548,1285,-448,525,1284,-435,628,1221,-292,465,1215,-225,668,1372,-471,415,1373,-382,698,1534,-593,383,1538,-496,702,1567,-674,374,1569,-578,690,1573,-683,390,1574,-577,684,1563,-613,396,1567,-514,609,898,-28,490,894,28,642,629,42,457,636,102,702,413,323,441,414,385,690,392,337,458,395,397,710,336,58,429,333,155,
543,1305,-576,552,1323,-543,559,1323,-542,566,1323,-543,531,1322,-535,522,1321,-535,514,1320,-535,582,1311,-363,506,1308,-324,558,1284,-510,535,1284,-498,637,1221,-346,474,1214,-285,671,1378,-523,424,1375,-433,699,1539,-643,388,1542,-533,704,1570,-722,379,1572,-609,692,1577,-730,394,1578,-607,686,1568,-662,399,1570,-549,620,897,-25,499,894,25,649,626,50,464,636,99,700,414,338,444,416,390,686,397,354,458,397,404,712,339,78,429,333,162,
554,1303,-661,562,1321,-629,569,1321,-629,576,1321,-629,541,1320,-623,533,1319,-623,525,1318,-622,592,1310,-445,516,1306,-410,569,1283,-590,546,1281,-580,647,1221,-420,481,1213,-353,673,1376,-597,432,1374,-485,700,1539,-707,396,1542,-582,705,1575,-785,385,1569,-656,692,1580,-791,399,1577,-657,686,1570,-724,406,1569,-599,630,896,-24,509,894,24,654,627,63,470,635,118,693,418,349,447,411,416,683,397,372,460,391,429,710,340,103,430,329,189,
563,1303,-638,571,1321,-605,578,1321,-605,585,1321,-605,550,1320,-598,542,1319,-598,534,1318,-598,600,1310,-425,525,1306,-388,579,1283,-570,556,1281,-559,660,1221,-400,492,1213,-338,686,1376,-577,439,1370,-463,703,1541,-693,402,1536,-564,708,1577,-770,391,1565,-635,694,1581,-778,406,1572,-636,687,1570,-710,413,1564,-581,641,896,-23,519,894,23,660,628,56,478,635,108,686,421,327,453,409,411,674,398,339,466,389,415,713,337,81,429,328,160,
572,1302,-631,580,1321,-598,586,1321,-598,593,1321,-598,559,1319,-591,550,1318,-591,542,1317,-590,610,1310,-419,535,1305,-378,588,1283,-563,565,1281,-551,671,1223,-391,499,1212,-328,706,1377,-570,438,1366,-448,709,1544,-682,409,1530,-548,713,1581,-759,397,1560,-620,699,1584,-764,414,1567,-618,694,1572,-698,422,1558,-564,649,895,-23,527,894,22,664,628,46,487,635,98,684,424,338,460,407,397,670,401,354,472,387,407,708,339,96,431,328,148,
577,1302,-653,584,1321,-621,592,1322,-621,599,1322,-621,564,1319,-611,556,1317,-611,548,1316,-611,616,1310,-442,543,1305,-388,594,1283,-585,571,1280,-569,681,1224,-406,507,1212,-319,728,1379,-591,435,1360,-426,719,1546,-688,413,1525,-530,721,1583,-764,404,1554,-603,704,1584,-761,422,1560,-599,700,1573,-701,430,1551,-545,660,895,-26,539,894,25,673,629,42,494,635,116,688,410,317,469,403,387,671,387,328,482,382,400,707,334,60,431,326,144,
590,1302,-643,597,1321,-606,604,1322,-606,611,1322,-606,576,1319,-601,567,1317,-601,560,1316,-601,627,1310,-412,552,1304,-383,606,1283,-570,584,1280,-562,690,1224,-367,516,1210,-312,749,1373,-538,432,1355,-428,733,1535,-624,416,1518,-535,732,1573,-697,409,1547,-609,717,1575,-694,427,1553,-599,714,1563,-637,433,1544,-548,670,895,-23,549,894,23,680,629,43,502,635,105,690,405,304,477,403,352,672,382,314,491,382,360,708,333,48,432,326,116,
597,1302,-562,603,1321,-521,611,1322,-521,618,1322,-521,582,1318,-515,574,1317,-515,567,1315,-515,633,1310,-324,559,1303,-290,613,1283,-490,591,1279,-480,698,1221,-290,525,1204,-203,770,1368,-469,428,1337,-324,742,1532,-570,421,1503,-469,739,1567,-653,418,1537,-550,725,1569,-647,436,1541,-533,723,1560,-583,442,1529,-480,680,895,-31,557,894,31,683,629,29,514,637,103,692,408,267,487,404,327,675,384,275,502,383,332,708,332,14,434,328,98,
606,1301,-324,611,1321,-276,618,1321,-276,626,1321,-276,591,1318,-271,583,1316,-271,575,1314,-271,641,1309,-71,565,1302,-44,621,1282,-253,599,1279,-244,706,1219,-43,531,1200,25,791,1357,-173,424,1317,-109,750,1507,-235,423,1478,-272,743,1544,-305,423,1510,-353,731,1548,-295,438,1511,-323,731,1534,-245,443,1501,-277,684,895,-31,561,894,31,686,629,-7,522,640,67,693,409,207,494,406,252,674,385,214,511,383,256,708,332,-29,436,337,35,
613,1301,-193,618,1321,-142,625,1321,-142,633,1321,-142,597,1318,-138,590,1316,-138,582,1314,-137,644,1309,68,568,1301,88,627,1281,-121,605,1278,-115,711,1213,109,535,1197,157,813,1318,32,418,1291,35,770,1467,38,428,1447,-91,761,1501,-13,429,1477,-164,748,1504,5,444,1477,-122,747,1492,35,448,1466,-90,694,895,-30,569,894,30,696,629,-38,530,648,38,695,410,170,499,423,234,674,388,178,511,397,242,710,330,-57,438,359,33,
612,1302,-262,618,1321,-216,625,1321,-216,633,1321,-216,598,1318,-210,590,1316,-210,583,1314,-209,645,1308,-29,572,1301,5,628,1282,-198,605,1279,-188,716,1207,15,537,1194,104,842,1284,-84,406,1264,42,783,1432,-105,428,1413,-21,775,1466,-145,432,1444,-74,760,1467,-111,445,1441,-23,759,1455,-100,448,1431,-13,696,894,-39,572,893,39,694,632,-77,533,657,111,693,410,60,512,486,363,676,388,60,526,462,379,709,331,-187,462,403,219,
622,1302,-348,629,1321,-305,635,1321,-305,642,1321,-305,609,1318,-302,601,1316,-302,593,1314,-301,653,1308,-108,579,1301,-82,636,1282,-279,612,1279,-273,719,1203,-22,541,1191,1,855,1248,-90,401,1230,-75,799,1389,-134,429,1371,-222,788,1424,-164,435,1401,-237,775,1424,-132,447,1400,-166,774,1412,-128,450,1389,-155,696,891,-29,577,892,29,696,633,-97,536,661,105,695,406,13,529,550,554,682,382,13,545,540,595,710,328,-215,489,447,498,
624,1302,-375,632,1321,-324,639,1321,-323,647,1321,-324,611,1318,-332,603,1317,-332,596,1315,-332,657,1308,-133,583,1302,-96,637,1281,-293,613,1279,-286,721,1201,-13,542,1189,-3,860,1207,-133,401,1191,-128,816,1345,-230,428,1333,-428,805,1381,-226,435,1363,-501,793,1385,-224,446,1365,-453,793,1374,-170,449,1354,-417,696,892,-28,579,893,28,698,633,-126,544,661,102,694,407,29,542,614,763,681,384,33,553,614,830,707,329,-200,508,514,779,
628,1300,-413,637,1320,-370,644,1320,-370,652,1320,-371,615,1318,-368,607,1317,-368,599,1315,-368,662,1308,-165,587,1303,-123,642,1279,-335,617,1278,-325,727,1198,-37,545,1188,-8,858,1158,-154,402,1145,-10,829,1296,-504,427,1290,-144,823,1336,-554,433,1322,-194,808,1341,-529,445,1323,-154,806,1332,-499,448,1315,-136,697,894,-17,582,896,17,699,632,-103,549,660,42,695,408,91,570,705,827,684,385,102,576,739,914,707,332,-139,564,642,958,
627,1299,-507,639,1319,-471,646,1319,-471,654,1319,-471,616,1317,-464,607,1316,-464,599,1314,-464,666,1309,-261,590,1303,-225,643,1278,-430,616,1277,-419,732,1196,-80,549,1185,-42,849,1114,-303,411,1109,3,840,1251,-709,427,1247,-97,836,1287,-769,431,1285,-139,824,1296,-757,444,1288,-112,821,1286,-714,448,1275,-92,698,898,-15,584,899,16,699,631,-86,547,663,21,697,406,116,593,776,827,687,384,125,613,792,917,706,332,-68,610,723,973,
631,1299,-482,643,1318,-447,650,1318,-447,659,1318,-447,619,1317,-444,611,1316,-443,602,1314,-443,670,1309,-246,594,1304,-230,646,1277,-406,618,1276,-401,735,1191,-81,551,1180,-54,839,1077,-279,433,1077,55,847,1218,-691,427,1216,20,847,1247,-744,430,1249,0,839,1261,-736,443,1259,16,836,1252,-698,447,1247,25,700,900,-11,588,900,11,700,629,-80,549,666,3,698,400,125,614,794,737,688,379,136,622,818,819,706,332,-41,635,754,871,
630,1296,-412,643,1316,-386,650,1316,-386,658,1316,-386,619,1315,-382,610,1314,-382,602,1313,-382,671,1309,-201,594,1304,-189,646,1275,-340,617,1273,-334,737,1187,-50,552,1174,-20,818,1050,-269,453,1051,-12,842,1190,-702,429,1187,-211,854,1219,-757,429,1219,-236,847,1231,-757,443,1232,-243,842,1225,-711,446,1223,-215,700,902,-9,586,902,9,702,627,-76,548,669,-9,698,401,130,612,797,719,689,379,138,624,819,803,706,333,-11,640,749,867,
629,1296,-327,643,1316,-301,650,1316,-301,658,1316,-301,618,1315,-295,609,1314,-295,602,1313,-295,673,1309,-130,595,1303,-105,647,1275,-262,617,1272,-254,739,1186,-14,554,1170,31,801,1038,-233,463,1040,20,838,1174,-634,431,1173,-197,853,1199,-682,428,1205,-228,848,1212,-680,442,1217,-221,841,1206,-641,446,1210,-199,700,901,-7,586,902,7,703,624,-74,548,668,-21,699,397,133,599,802,693,689,377,140,613,826,775,705,332,11,619,756,860,
629,1297,-346,643,1316,-317,651,1316,-317,658,1316,-318,617,1315,-311,608,1314,-311,601,1313,-311,673,1309,-136,594,1304,-111,647,1275,-278,616,1272,-270,740,1186,-23,554,1169,35,795,1036,-228,467,1039,17,836,1168,-634,431,1174,-212,851,1193,-684,428,1205,-232,847,1206,-687,442,1217,-241,841,1201,-643,445,1209,-217,702,901,-7,588,903,7,704,623,-72,547,669,-10,700,395,160,590,799,725,689,375,181,603,828,811,705,332,43,608,757,886,
628,1297,-422,642,1316,-397,650,1316,-397,657,1316,-398,616,1315,-389,608,1314,-389,601,1313,-389,672,1309,-214,594,1304,-183,646,1275,-351,616,1273,-341,740,1187,-81,554,1170,-17,797,1045,-318,463,1047,16,838,1179,-798,431,1180,-270,855,1208,-857,428,1212,-307,850,1220,-864,441,1223,-303,843,1214,-810,445,1215,-273,702,904,-8,587,906,8,703,623,-70,546,672,-16,700,396,176,616,801,738,689,375,199,633,821,825,703,333,42,647,750,894,
627,1297,-436,641,1316,-403,650,1316,-403,657,1316,-403,615,1315,-397,607,1314,-397,600,1313,-397,672,1309,-206,594,1304,-178,646,1275,-359,615,1273,-351,739,1186,-62,553,1171,-5,805,1054,-293,457,1059,-6,845,1197,-723,430,1197,-257,858,1226,-783,428,1229,-302,851,1240,-777,441,1240,-287,845,1232,-730,444,1229,-259,701,904,-15,587,905,15,703,628,-103,539,672,-60,700,396,130,643,762,730,690,375,149,656,774,818,703,333,-37,665,723,856,
627,1301,-403,640,1320,-365,649,1320,-365,656,1320,-365,615,1317,-355,607,1316,-355,600,1315,-355,671,1311,-167,593,1305,-121,645,1279,-331,615,1277,-318,738,1186,-39,553,1171,37,826,1076,-282,438,1077,55,850,1217,-674,429,1216,-73,859,1247,-731,427,1248,-112,851,1259,-718,440,1257,-76,845,1251,-678,444,1247,-66,701,904,-24,587,905,24,702,630,-171,533,676,-56,700,397,2,627,673,727,690,376,12,646,687,798,703,334,-203,644,584,803,
627,1303,-459,640,1321,-420,649,1321,-420,656,1320,-420,615,1318,-408,607,1317,-408,600,1315,-408,670,1312,-211,592,1306,-153,646,1281,-383,615,1279,-367,737,1188,-88,553,1174,35,847,1098,-374,416,1100,-60,850,1249,-763,426,1248,-307,856,1289,-828,427,1283,-367,846,1294,-792,440,1284,-326,841,1287,-759,444,1273,-302,701,903,-37,587,905,37,702,631,-168,522,678,-39,700,400,55,625,620,737,690,382,70,634,619,815,702,335,-142,601,518,795,
627,1304,-460,640,1322,-422,648,1322,-422,656,1322,-422,614,1320,-410,606,1319,-410,599,1318,-410,670,1312,-212,592,1307,-154,645,1283,-384,615,1281,-369,737,1190,-89,552,1181,20,856,1143,-349,401,1143,-53,851,1293,-708,423,1292,-268,853,1333,-770,426,1324,-320,843,1340,-741,440,1326,-291,838,1329,-706,443,1315,-265,700,900,-47,584,904,47,701,631,-185,519,677,-32,700,403,55,583,576,718,691,386,70,605,567,798,700,336,-154,554,478,729,
625,1304,-397,638,1323,-357,647,1323,-357,654,1322,-357,613,1321,-343,605,1320,-343,598,1318,-343,668,1313,-163,591,1307,-92,644,1284,-328,613,1282,-307,734,1194,-73,549,1185,76,861,1192,-244,393,1185,80,850,1341,-453,420,1333,-22,848,1379,-508,425,1363,-71,836,1381,-479,440,1363,-40,832,1369,-451,442,1353,-21,699,899,-61,580,902,61,699,631,-204,520,669,96,700,402,-47,545,506,597,691,385,-46,572,487,636,700,336,-309,504,419,498,
623,1304,-315,635,1323,-268,644,1323,-268,652,1322,-269,611,1321,-256,602,1320,-256,596,1318,-256,664,1313,-57,588,1308,4,640,1284,-240,609,1282,-223,728,1197,40,542,1188,161,860,1233,-31,388,1223,165,843,1378,-155,414,1371,62,838,1414,-202,423,1399,3,826,1419,-187,438,1400,35,824,1407,-159,438,1392,61,697,899,-57,575,901,57,695,631,-174,520,661,61,698,402,15,516,463,360,689,385,22,534,441,377,700,336,-254,482,388,162,
619,1304,-243,631,1322,-192,639,1323,-192,647,1322,-193,607,1321,-182,598,1320,-182,593,1318,-182,660,1313,25,584,1308,78,635,1283,-167,606,1282,-152,722,1199,108,536,1191,192,855,1273,45,390,1258,144,829,1420,-39,414,1410,3,827,1455,-93,423,1438,-73,817,1457,-88,438,1439,-44,814,1445,-48,437,1429,-2,692,897,-53,569,900,53,691,631,-113,520,654,58,698,403,94,493,438,258,687,386,96,505,412,267,700,336,-199,460,367,20,
617,1304,-213,628,1321,-158,636,1322,-158,644,1322,-158,603,1320,-156,594,1319,-156,590,1318,-155,655,1313,82,580,1308,97,632,1282,-128,603,1281,-124,714,1202,173,532,1194,189,837,1302,109,394,1286,107,818,1450,12,414,1442,-48,818,1487,-52,423,1476,-126,806,1488,-50,437,1477,-97,802,1479,0,437,1467,-54,685,897,-36,564,900,36,685,630,-21,519,648,6,695,405,218,470,410,218,683,387,225,479,382,225,701,336,-73,442,346,-49,
609,1304,-255,621,1321,-203,629,1322,-203,637,1322,-203,594,1320,-200,587,1319,-200,581,1318,-200,649,1313,31,573,1308,46,627,1282,-173,596,1281,-169,708,1204,109,527,1197,134,817,1323,23,396,1309,25,808,1478,-105,415,1467,-145,813,1516,-179,421,1499,-250,800,1521,-185,436,1501,-230,793,1510,-122,437,1494,-159,678,897,-18,557,900,19,682,629,-14,514,641,-31,693,405,277,458,407,238,680,386,290,464,385,251,701,335,7,439,342,-20,
602,1304,-411,613,1321,-362,621,1322,-362,629,1322,-362,587,1320,-362,581,1319,-362,574,1317,-362,640,1313,-128,568,1307,-128,620,1282,-327,590,1281,-327,699,1208,-55,522,1199,-74,793,1343,-116,408,1330,-203,797,1504,-259,415,1488,-358,805,1542,-324,417,1522,-454,793,1550,-285,432,1526,-440,784,1535,-269,435,1517,-371,667,898,-6,548,900,6,677,630,20,512,643,-26,692,405,311,454,422,281,679,386,324,460,401,298,702,335,51,440,340,47,
599,1303,-449,610,1322,-401,619,1322,-401,627,1322,-401,585,1320,-404,578,1319,-404,572,1317,-404,636,1312,-178,564,1307,-189,617,1282,-368,587,1281,-371,689,1210,-126,516,1205,-148,768,1352,-232,418,1348,-300,785,1512,-326,415,1507,-434,795,1551,-408,412,1544,-522,781,1555,-423,428,1548,-513,771,1542,-356,432,1538,-449,658,897,-5,539,900,5,671,627,9,508,643,-21,691,403,302,451,432,339,679,382,316,454,412,362,702,329,50,436,348,137,
592,1303,-516,604,1321,-476,613,1321,-476,621,1321,-476,579,1319,-477,573,1318,-477,566,1317,-476,631,1310,-277,558,1307,-274,610,1281,-442,580,1281,-442,681,1212,-254,508,1209,-228,745,1363,-414,433,1361,-383,771,1529,-543,412,1525,-506,787,1565,-623,405,1561,-587,771,1570,-635,419,1565,-585,762,1559,-565,424,1555,-523,648,897,-8,530,900,8,666,627,19,504,643,20,691,403,308,450,432,378,679,381,321,457,411,403,704,328,59,435,349,196,
580,1303,-560,594,1321,-523,603,1321,-523,612,1320,-524,570,1319,-522,563,1318,-522,556,1317,-522,625,1310,-330,550,1307,-318,597,1282,-487,568,1282,-484,672,1215,-309,499,1217,-268,721,1369,-478,446,1364,-418,755,1536,-608,410,1526,-532,771,1567,-687,401,1562,-611,760,1572,-699,414,1569,-612,751,1564,-628,420,1560,-550,640,897,-10,522,899,10,661,627,32,498,641,45,691,403,326,453,427,383,679,379,340,457,405,404,706,328,78,436,342,183,
573,1302,-700,587,1320,-664,596,1319,-664,605,1319,-664,563,1319,-664,557,1318,-664,550,1317,-664,619,1308,-459,543,1308,-457,588,1281,-621,560,1282,-621,663,1215,-432,491,1223,-398,704,1368,-625,451,1371,-553,736,1534,-776,409,1533,-643,749,1567,-858,398,1566,-721,741,1571,-872,412,1575,-724,734,1564,-797,418,1567,-661,634,896,-6,513,897,6,656,628,60,490,641,74,689,408,433,457,433,451,677,380,457,464,413,471,705,331,196,437,342,209,
568,1300,-634,581,1318,-597,590,1318,-597,598,1318,-597,557,1318,-597,551,1318,-597,544,1317,-597,612,1306,-393,536,1307,-391,582,1279,-556,554,1281,-556,654,1215,-369,484,1222,-342,697,1364,-553,452,1371,-497,721,1527,-703,409,1533,-591,731,1564,-785,398,1569,-669,725,1570,-799,411,1577,-674,718,1561,-724,418,1567,-610,625,892,-3,503,892,3,652,628,42,480,635,64,687,408,411,459,427,450,673,380,435,470,406,473,707,331,182,436,339,230,
563,1300,-590,577,1318,-552,585,1318,-552,594,1318,-552,552,1318,-552,545,1318,-552,538,1317,-551,608,1305,-354,529,1308,-350,577,1279,-515,548,1281,-514,650,1215,-344,478,1220,-308,692,1364,-525,450,1373,-458,712,1527,-659,409,1536,-547,718,1563,-739,398,1572,-623,713,1570,-750,412,1580,-627,707,1560,-678,418,1570,-565,618,887,-4,496,888,3,649,625,30,473,631,67,685,408,397,460,426,452,669,381,421,472,404,475,707,332,169,436,338,239,
560,1300,-653,573,1318,-614,581,1318,-614,590,1317,-614,549,1318,-616,541,1318,-616,535,1317,-616,602,1305,-407,525,1308,-412,574,1279,-575,545,1281,-576,647,1215,-385,474,1219,-372,684,1366,-557,448,1374,-531,702,1523,-693,409,1541,-615,708,1560,-772,399,1572,-691,701,1566,-783,412,1579,-694,696,1555,-712,419,1570,-632,611,887,1,488,887,-1,648,624,30,464,632,61,684,408,406,456,423,449,669,381,430,465,401,468,709,332,168,439,338,212,
556,1300,-677,569,1318,-636,577,1318,-636,586,1317,-636,545,1318,-639,537,1318,-639,530,1318,-639,597,1305,-425,521,1308,-433,569,1279,-597,541,1281,-600,642,1214,-400,470,1218,-397,678,1364,-582,447,1377,-566,696,1519,-733,409,1545,-644,700,1556,-814,399,1575,-720,692,1563,-822,413,1583,-721,687,1551,-751,419,1574,-660,605,885,7,483,885,-7,646,623,37,461,628,59,682,408,432,455,423,469,669,381,460,464,404,494,709,332,194,440,339,216,
553,1300,-670,566,1318,-629,573,1318,-629,582,1317,-629,541,1318,-632,533,1318,-632,526,1318,-632,593,1305,-416,516,1308,-429,566,1279,-590,538,1281,-594,638,1214,-385,469,1218,-399,672,1368,-550,446,1378,-569,694,1520,-690,409,1545,-651,699,1558,-768,400,1575,-726,691,1564,-777,413,1582,-729,685,1552,-708,419,1573,-667,601,885,11,480,884,-11,643,621,38,461,625,43,680,402,406,451,424,462,668,376,431,459,404,488,710,331,168,442,338,225,
549,1300,-643,562,1318,-602,570,1318,-602,579,1317,-602,537,1318,-605,529,1318,-605,522,1318,-605,590,1304,-391,512,1308,-401,563,1279,-563,534,1281,-566,634,1214,-357,466,1217,-371,667,1370,-513,442,1376,-538,691,1523,-665,410,1545,-621,696,1559,-743,400,1575,-696,689,1565,-749,414,1582,-696,684,1554,-682,420,1573,-636,598,884,14,477,883,-14,641,619,48,460,622,44,677,398,399,450,421,459,668,373,421,456,403,483,710,330,158,442,335,219,
544,1300,-669,558,1318,-630,565,1318,-630,574,1317,-630,533,1318,-632,525,1318,-632,518,1318,-632,587,1304,-424,508,1308,-429,559,1278,-590,529,1280,-592,632,1213,-391,465,1217,-396,665,1370,-542,439,1377,-562,689,1527,-667,408,1547,-639,692,1561,-741,399,1576,-713,686,1566,-750,413,1583,-713,681,1556,-684,419,1574,-653,596,883,14,475,881,-14,638,619,57,459,621,62,675,398,409,450,421,457,667,373,432,456,403,481,710,329,160,442,335,216,
