530,1329,-588,543,1350,-549,551,1350,-549,560,1350,-549,519,1348,-546,511,1348,-546,503,1348,-546,574,1335,-350,497,1336,-331,548,1308,-512,518,1308,-507,622,1242,-349,456,1241,-270,662,1396,-539,416,1409,-411,671,1562,-649,412,1586,-501,672,1595,-734,411,1613,-573,664,1602,-732,426,1618,-572,659,1591,-664,430,1610,-517,598,910,-29,474,908,29,616,651,53,454,655,127,620,428,361,444,432,439,605,400,376,465,408,453,652,349,97,402,357,205,
532,1330,-562,543,1350,-524,551,1351,-524,560,1350,-524,520,1349,-521,512,1348,-521,504,1348,-521,574,1335,-334,497,1336,-311,548,1309,-490,520,1309,-483,624,1242,-332,458,1241,-266,662,1396,-526,419,1410,-410,671,1562,-640,418,1579,-497,673,1595,-723,415,1606,-568,664,1602,-719,431,1614,-568,659,1591,-653,437,1607,-512,597,909,-29,473,908,28,616,648,47,454,653,119,621,422,350,444,427,427,605,399,365,463,404,442,647,345,92,401,351,199,
533,1330,-565,543,1350,-527,552,1351,-527,560,1350,-527,520,1349,-524,512,1349,-524,505,1348,-524,574,1336,-335,497,1336,-313,549,1310,-492,520,1309,-486,624,1242,-333,459,1241,-272,662,1398,-527,421,1410,-421,671,1562,-640,422,1576,-504,673,1595,-723,418,1605,-573,664,1602,-720,434,1614,-573,659,1591,-654,440,1606,-518,597,909,-26,472,908,26,617,646,47,454,653,113,621,419,342,443,426,417,605,398,355,457,404,431,646,343,85,401,351,188,
534,1331,-567,544,1351,-529,552,1351,-529,560,1350,-529,521,1349,-525,513,1349,-525,505,1348,-525,573,1336,-336,497,1336,-318,549,1310,-494,521,1310,-487,625,1242,-328,459,1241,-287,661,1400,-518,422,1411,-443,671,1561,-637,425,1576,-523,672,1594,-720,422,1604,-593,663,1602,-717,438,1613,-593,658,1591,-651,443,1605,-537,597,908,-21,472,908,21,617,642,57,454,652,111,621,417,356,441,425,418,604,397,369,452,404,432,646,342,100,399,350,189,
536,1331,-593,545,1351,-554,552,1351,-554,560,1351,-554,522,1349,-556,514,1349,-556,507,1348,-556,573,1336,-353,497,1336,-359,550,1311,-516,523,1310,-518,625,1243,-333,459,1242,-322,660,1401,-518,422,1411,-480,671,1560,-636,425,1576,-553,672,1594,-717,422,1603,-620,661,1601,-714,439,1613,-621,657,1591,-650,444,1605,-567,597,907,-18,472,908,18,617,642,63,454,652,112,621,417,360,439,426,422,603,397,374,451,404,438,646,341,108,398,350,198,
537,1332,-592,545,1351,-553,553,1351,-553,561,1351,-553,523,1350,-554,515,1350,-554,508,1349,-554,573,1336,-351,497,1336,-355,551,1311,-516,524,1311,-516,625,1243,-330,459,1243,-317,659,1401,-503,422,1411,-475,671,1559,-616,426,1576,-548,671,1594,-696,424,1603,-615,660,1601,-692,441,1613,-615,656,1590,-630,446,1605,-562,596,907,-17,472,907,17,617,641,62,454,652,110,621,417,356,439,426,421,603,397,370,451,404,436,646,341,108,397,350,198,
539,1332,-591,546,1351,-552,554,1351,-552,561,1351,-552,525,1350,-553,516,1350,-553,509,1349,-553,573,1336,-349,498,1336,-352,552,1312,-515,525,1311,-515,625,1243,-330,459,1243,-316,659,1400,-501,423,1412,-479,670,1558,-613,428,1576,-553,670,1593,-692,426,1603,-620,659,1601,-688,443,1613,-621,656,1590,-626,448,1605,-567,596,907,-17,471,908,17,616,641,56,453,652,106,620,417,339,437,426,409,602,397,352,449,404,424,645,341,88,395,349,185,
540,1332,-591,548,1351,-551,555,1351,-551,562,1351,-551,526,1350,-552,517,1350,-552,509,1350,-552,573,1336,-348,498,1337,-351,553,1312,-515,526,1312,-514,625,1243,-330,459,1243,-313,659,1400,-504,424,1413,-477,669,1557,-616,429,1576,-553,670,1593,-697,428,1603,-620,658,1600,-693,445,1613,-620,654,1589,-630,450,1605,-567,595,908,-17,471,908,17,616,642,46,452,653,106,619,417,326,436,426,404,601,396,337,448,404,418,645,341,70,395,349,179,
540,1332,-601,548,1352,-561,555,1351,-561,562,1351,-561,526,1350,-563,517,1350,-563,510,1350,-563,573,1336,-360,498,1337,-365,553,1312,-525,527,1312,-526,625,1243,-342,459,1243,-330,659,1400,-514,424,1414,-498,669,1556,-626,431,1576,-569,669,1592,-705,430,1603,-635,657,1600,-701,446,1613,-635,653,1588,-639,452,1605,-582,593,908,-17,469,908,17,615,642,47,451,653,106,619,417,330,435,426,407,601,396,342,446,404,421,645,341,74,394,349,181,
541,1332,-614,548,1352,-574,556,1351,-574,563,1351,-574,526,1350,-576,517,1350,-576,510,1350,-576,573,1336,-372,498,1337,-376,554,1312,-537,527,1312,-538,625,1243,-351,459,1243,-339,659,1400,-524,425,1415,-506,669,1556,-635,431,1576,-580,668,1592,-713,430,1603,-647,656,1600,-709,447,1613,-647,653,1588,-648,452,1605,-593,592,908,-17,468,908,17,615,641,47,448,653,107,619,417,330,433,425,408,600,396,343,443,404,421,645,341,75,394,349,182,
541,1332,-610,549,1352,-571,556,1351,-571,563,1351,-571,526,1350,-572,517,1350,-572,510,1350,-572,573,1336,-372,498,1337,-371,554,1312,-535,527,1311,-534,625,1243,-345,459,1243,-332,658,1400,-517,425,1415,-498,668,1556,-628,431,1576,-574,668,1592,-707,430,1603,-642,656,1600,-702,447,1613,-641,653,1588,-641,452,1605,-587,590,908,-17,467,909,16,613,641,47,447,653,102,618,417,335,431,425,408,600,396,349,441,403,423,645,341,81,394,349,181,
541,1332,-606,549,1352,-565,556,1352,-565,563,1351,-565,526,1350,-568,517,1350,-568,510,1350,-567,573,1336,-359,498,1337,-367,554,1312,-528,527,1311,-530,624,1243,-328,459,1243,-329,658,1400,-496,425,1416,-497,668,1556,-605,431,1576,-571,668,1592,-684,430,1603,-640,656,1600,-680,447,1613,-638,653,1588,-619,452,1605,-584,589,908,-10,466,909,10,611,641,62,445,653,97,617,418,377,429,426,411,597,396,393,440,404,427,645,342,130,394,350,181,
540,1333,-575,548,1352,-535,556,1352,-535,563,1351,-535,526,1351,-536,517,1351,-536,509,1350,-536,573,1337,-335,497,1337,-336,553,1312,-500,526,1312,-500,624,1243,-315,459,1243,-307,658,1400,-486,425,1417,-474,668,1556,-596,431,1576,-554,668,1592,-675,430,1603,-623,656,1600,-671,447,1613,-621,653,1588,-609,452,1606,-567,587,909,-11,465,909,10,610,642,58,444,654,94,615,418,352,429,429,405,594,396,366,440,406,421,645,341,103,394,352,178,
540,1333,-566,548,1352,-526,556,1352,-526,563,1352,-526,526,1351,-528,517,1351,-528,509,1350,-528,573,1337,-328,497,1337,-330,553,1313,-491,526,1312,-492,624,1244,-311,459,1244,-306,658,1400,-480,425,1418,-472,668,1558,-584,431,1577,-550,669,1593,-662,430,1603,-621,657,1600,-659,447,1613,-619,653,1589,-598,452,1606,-564,585,909,-11,463,910,10,608,642,58,441,654,92,614,418,345,428,429,398,593,396,358,440,406,412,645,341,97,394,352,173,
539,1333,-578,548,1353,-538,555,1353,-538,562,1352,-538,525,1351,-539,517,1351,-539,509,1350,-539,573,1337,-338,497,1338,-336,553,1314,-502,525,1312,-502,624,1244,-315,459,1245,-313,659,1400,-484,425,1419,-482,670,1558,-585,431,1578,-561,670,1593,-664,430,1603,-632,659,1600,-659,447,1614,-630,656,1589,-599,452,1606,-574,583,909,-10,462,910,10,607,642,58,440,655,92,614,420,355,428,431,398,593,398,369,440,407,414,645,343,102,393,352,174,
539,1333,-581,547,1353,-542,555,1353,-542,562,1352,-542,524,1352,-542,516,1351,-542,509,1351,-542,572,1337,-343,497,1338,-338,552,1314,-506,525,1313,-504,624,1244,-320,459,1245,-314,659,1400,-497,425,1420,-482,670,1558,-605,431,1578,-562,671,1593,-685,430,1604,-634,660,1600,-682,447,1614,-633,657,1589,-619,452,1607,-576,582,909,-10,461,911,10,606,642,53,439,654,89,614,420,352,427,430,395,593,397,367,439,407,410,645,343,96,393,349,165,
538,1334,-596,547,1353,-557,554,1353,-556,562,1352,-557,524,1352,-557,516,1352,-557,508,1351,-557,572,1337,-354,497,1338,-349,552,1314,-520,524,1313,-519,624,1244,-328,459,1245,-324,659,1400,-503,425,1421,-494,671,1559,-608,431,1579,-570,672,1593,-688,430,1604,-643,662,1600,-685,447,1614,-640,659,1589,-622,452,1607,-584,582,909,-10,460,911,9,606,641,52,438,654,88,614,420,370,426,429,399,593,398,387,438,407,416,645,344,117,393,349,165,
538,1334,-604,547,1353,-564,554,1353,-564,562,1352,-564,524,1352,-564,516,1352,-564,508,1351,-564,572,1337,-360,497,1338,-354,552,1314,-527,524,1313,-525,624,1244,-334,459,1245,-325,660,1401,-510,425,1421,-496,672,1559,-616,431,1579,-572,673,1593,-695,430,1604,-646,663,1600,-692,447,1614,-642,660,1589,-629,452,1607,-586,581,909,-10,458,911,9,605,641,52,436,654,88,613,420,378,425,429,415,593,398,396,436,407,433,643,344,123,393,349,179,
538,1334,-588,547,1353,-547,555,1353,-547,562,1352,-547,524,1352,-547,516,1352,-547,508,1351,-547,572,1337,-343,497,1339,-337,552,1314,-511,524,1313,-509,624,1244,-315,458,1245,-311,660,1401,-487,425,1421,-481,673,1559,-592,431,1579,-560,674,1593,-670,430,1604,-635,665,1600,-669,447,1614,-629,662,1589,-607,452,1607,-574,580,909,-8,457,912,8,603,642,52,436,654,80,610,420,375,424,430,407,588,398,393,437,407,425,644,344,120,393,349,176,
538,1334,-569,547,1353,-528,555,1353,-528,562,1352,-528,524,1352,-528,516,1352,-528,508,1351,-528,572,1337,-326,497,1339,-321,552,1314,-493,524,1313,-491,623,1244,-305,458,1246,-297,660,1401,-480,425,1421,-467,674,1559,-590,431,1579,-547,675,1593,-669,430,1604,-622,666,1600,-667,447,1614,-617,663,1589,-604,452,1607,-561,579,909,-7,455,912,7,602,641,50,435,654,77,610,420,374,424,429,405,588,398,392,437,407,422,644,346,124,394,349,172,
538,1334,-554,547,1353,-515,554,1353,-515,562,1352,-515,524,1352,-513,516,1352,-513,508,1351,-513,572,1337,-318,497,1339,-304,552,1314,-480,524,1313,-476,623,1244,-302,458,1246,-275,660,1401,-482,425,1421,-438,675,1559,-592,432,1579,-521,676,1593,-672,430,1605,-595,667,1600,-670,448,1614,-590,664,1589,-606,453,1607,-535,577,909,-8,454,912,8,601,641,51,435,653,78,609,421,363,422,428,399,588,398,378,433,406,415,644,346,110,391,348,164,
537,1334,-556,546,1354,-516,554,1353,-516,562,1353,-516,524,1353,-514,515,1353,-514,508,1352,-514,572,1338,-319,497,1339,-304,551,1314,-482,523,1314,-478,623,1244,-305,458,1246,-276,660,1402,-484,426,1421,-439,675,1559,-594,433,1581,-513,677,1593,-674,431,1606,-588,668,1600,-672,448,1616,-582,664,1589,-608,454,1609,-527,576,908,-8,452,910,8,600,639,48,434,650,78,610,420,378,422,428,415,588,398,397,433,406,434,644,345,129,391,347,184,
536,1334,-538,546,1354,-497,554,1353,-497,562,1353,-497,523,1353,-494,515,1353,-494,508,1352,-494,572,1338,-303,497,1340,-282,551,1315,-466,522,1314,-460,623,1244,-300,458,1246,-251,660,1402,-486,426,1421,-408,675,1558,-598,433,1581,-484,677,1591,-680,432,1608,-559,668,1599,-677,449,1617,-554,664,1588,-611,455,1610,-498,574,907,-10,450,910,10,600,635,42,433,649,82,610,417,373,422,429,437,590,396,392,434,408,457,644,343,116,392,347,210,
535,1334,-541,546,1354,-500,553,1353,-500,561,1353,-500,523,1353,-497,515,1353,-497,507,1352,-497,572,1338,-302,497,1340,-283,550,1315,-468,521,1314,-463,623,1244,-294,458,1247,-257,660,1402,-482,426,1421,-418,675,1557,-597,434,1581,-493,677,1591,-680,432,1608,-569,668,1599,-677,450,1617,-563,664,1588,-611,456,1610,-507,573,907,-8,449,910,8,599,635,46,431,648,75,610,418,410,419,429,438,590,396,433,429,409,459,644,345,164,392,348,209,
535,1334,-545,545,1354,-504,553,1353,-504,561,1353,-504,522,1353,-501,514,1353,-501,507,1352,-501,572,1338,-306,497,1340,-290,549,1314,-471,520,1314,-466,623,1244,-295,458,1247,-262,660,1402,-480,427,1421,-418,675,1557,-591,435,1581,-493,677,1591,-672,433,1608,-568,668,1599,-669,451,1617,-561,664,1588,-605,457,1609,-506,572,907,-7,449,910,7,598,636,48,431,648,75,610,418,404,419,429,428,590,395,426,429,409,449,645,345,161,392,348,199,
535,1334,-569,545,1354,-530,553,1353,-530,561,1353,-530,522,1353,-527,514,1353,-527,507,1352,-527,572,1338,-331,497,1340,-313,549,1314,-495,520,1314,-490,623,1244,-316,458,1247,-280,660,1402,-503,427,1421,-431,675,1557,-618,435,1581,-503,677,1592,-699,433,1607,-577,668,1599,-695,451,1616,-573,664,1589,-631,457,1609,-516,572,907,-8,449,910,7,598,636,47,430,648,76,610,416,398,418,429,438,591,395,419,428,410,459,644,343,139,393,348,209,
535,1333,-593,546,1353,-553,554,1353,-553,562,1352,-553,523,1352,-552,515,1352,-552,507,1352,-552,573,1337,-351,497,1339,-340,550,1314,-517,521,1313,-514,623,1244,-336,458,1247,-303,660,1401,-524,427,1421,-458,675,1557,-642,435,1581,-526,677,1592,-724,433,1607,-600,668,1599,-720,451,1616,-598,664,1589,-655,457,1609,-540,572,907,-8,449,910,7,598,636,49,429,648,84,610,416,395,417,430,459,591,395,414,427,411,482,641,343,136,393,349,229,
537,1333,-658,547,1353,-618,555,1353,-618,563,1352,-618,524,1352,-616,515,1352,-616,508,1351,-615,574,1337,-411,498,1339,-393,551,1313,-579,522,1313,-574,624,1244,-388,458,1248,-350,661,1401,-584,427,1421,-522,676,1557,-711,435,1581,-611,677,1592,-797,433,1607,-689,668,1599,-796,451,1616,-688,665,1589,-726,457,1609,-626,573,907,-8,450,911,8,597,636,59,429,648,92,608,417,414,417,430,457,590,395,433,427,412,478,638,344,144,392,349,225,
540,1333,-637,550,1353,-598,557,1353,-598,564,1353,-598,527,1352,-597,518,1352,-597,510,1351,-597,575,1338,-393,499,1339,-385,554,1313,-560,526,1313,-558,625,1244,-372,459,1248,-347,664,1396,-560,427,1421,-519,679,1556,-683,435,1581,-598,680,1592,-767,433,1607,-671,671,1599,-766,451,1616,-668,668,1589,-698,457,1609,-611,576,908,-8,452,911,8,597,638,62,429,650,93,607,417,407,417,432,446,590,395,426,427,414,464,636,346,143,392,349,208,
541,1333,-726,551,1353,-689,558,1353,-689,565,1353,-689,528,1352,-688,520,1352,-688,512,1351,-688,576,1338,-486,501,1340,-477,555,1313,-647,527,1313,-645,627,1245,-455,460,1250,-433,668,1394,-641,427,1421,-607,683,1557,-765,435,1582,-685,686,1593,-849,433,1608,-759,676,1601,-850,451,1617,-759,673,1590,-780,457,1610,-700,581,911,-8,457,913,8,597,643,72,429,656,108,607,419,402,418,435,445,590,396,422,427,415,463,633,350,135,391,352,204,
542,1332,-841,551,1353,-805,559,1353,-805,566,1352,-805,529,1351,-802,520,1351,-802,512,1350,-802,576,1339,-594,502,1340,-571,555,1313,-759,528,1312,-752,630,1245,-542,462,1249,-509,680,1395,-742,424,1419,-679,692,1562,-872,435,1582,-775,694,1598,-960,433,1608,-855,683,1604,-960,451,1618,-855,679,1594,-887,457,1610,-790,586,911,-9,463,914,9,600,644,73,430,658,117,607,420,421,418,437,463,590,397,439,428,416,480,632,352,140,389,353,209,
542,1332,-787,552,1352,-753,560,1352,-752,566,1352,-753,530,1350,-746,521,1350,-746,514,1349,-746,578,1339,-548,504,1339,-514,557,1312,-708,531,1311,-698,635,1246,-495,466,1247,-445,696,1395,-690,418,1413,-603,701,1564,-813,435,1579,-695,701,1601,-900,433,1606,-775,688,1606,-897,452,1615,-771,684,1596,-827,457,1606,-709,596,912,-14,474,917,14,605,645,72,433,662,122,607,421,415,421,437,459,590,398,433,431,416,476,631,353,135,390,353,208,
548,1332,-756,556,1352,-722,563,1352,-722,569,1352,-722,534,1350,-715,525,1349,-714,517,1349,-714,580,1338,-544,508,1339,-491,563,1312,-683,537,1310,-671,640,1246,-426,470,1244,-396,717,1395,-574,411,1402,-526,715,1565,-671,433,1574,-637,716,1600,-753,432,1604,-720,700,1606,-745,451,1610,-701,696,1595,-683,456,1601,-645,608,915,-16,486,921,16,609,646,70,440,662,121,608,420,394,424,437,417,593,398,410,433,417,431,629,353,116,390,355,169,
552,1331,-525,560,1352,-480,566,1352,-480,572,1352,-480,538,1350,-479,529,1349,-479,521,1349,-479,584,1338,-268,511,1339,-258,567,1312,-448,542,1310,-445,643,1244,-216,473,1240,-200,733,1384,-365,402,1391,-355,726,1548,-464,433,1556,-463,726,1587,-544,434,1591,-549,712,1593,-543,452,1594,-518,708,1579,-479,457,1582,-468,621,915,-16,496,920,16,620,646,63,452,661,87,616,420,355,427,437,346,598,398,367,437,417,357,633,353,92,392,355,109,
558,1331,-349,565,1352,-298,571,1352,-297,577,1352,-297,543,1350,-297,535,1349,-297,526,1349,-297,589,1338,-69,515,1338,-65,574,1312,-268,549,1310,-266,648,1241,-14,477,1236,-23,748,1365,-113,395,1370,-198,740,1519,-158,433,1529,-308,739,1557,-227,435,1564,-396,724,1563,-220,452,1563,-355,720,1548,-169,456,1549,-309,630,915,-12,506,920,12,631,642,33,464,656,31,624,420,338,428,435,308,606,398,354,437,416,322,638,352,85,399,353,67,
565,1332,-189,569,1352,-135,575,1353,-135,581,1352,-135,548,1350,-132,540,1350,-132,532,1349,-132,592,1339,87,519,1337,103,579,1312,-112,556,1310,-107,655,1237,147,486,1227,151,769,1336,80,389,1343,-5,752,1495,93,432,1495,-102,749,1526,40,435,1525,-180,733,1532,60,452,1522,-132,730,1520,89,455,1511,-99,638,914,-12,516,917,12,640,642,-5,486,655,6,633,419,242,429,438,258,618,398,253,436,421,271,641,352,-7,401,357,31,
568,1332,-208,573,1352,-161,579,1353,-160,585,1352,-161,552,1350,-155,544,1349,-155,536,1348,-155,595,1339,46,524,1336,70,582,1312,-136,558,1310,-129,660,1235,126,491,1222,110,801,1299,62,378,1308,-139,763,1451,77,428,1454,-316,758,1487,44,434,1485,-392,743,1489,73,450,1483,-344,741,1476,81,452,1472,-314,644,914,-3,524,917,3,645,645,-53,519,663,-47,642,427,174,451,464,276,627,410,185,454,450,299,641,354,-50,421,377,39,
578,1333,-274,583,1353,-227,589,1353,-227,595,1353,-227,563,1350,-231,555,1350,-231,546,1348,-231,601,1340,0,529,1336,-20,590,1313,-194,566,1310,-200,663,1232,133,495,1223,18,813,1262,89,370,1259,-230,776,1406,42,419,1407,-533,769,1441,23,427,1439,-597,756,1443,55,441,1438,-539,754,1431,50,443,1427,-522,645,920,33,530,927,-33,651,674,-72,565,694,-180,654,441,112,478,526,199,640,428,120,476,521,232,644,359,-110,449,421,61,
580,1336,-335,586,1354,-289,592,1355,-289,599,1355,-289,565,1353,-293,557,1352,-293,549,1351,-293,605,1345,-47,532,1339,-73,592,1316,-249,567,1313,-257,667,1231,145,498,1222,-14,815,1215,155,374,1203,-249,789,1359,139,412,1356,-538,781,1394,128,419,1387,-597,769,1401,154,430,1390,-556,768,1390,147,431,1379,-532,644,931,77,535,943,-77,663,694,-82,614,736,-406,657,444,57,514,567,-12,642,424,59,499,570,27,655,365,-149,481,470,-98,
582,1338,-342,590,1355,-294,596,1355,-294,604,1355,-294,569,1354,-296,561,1354,-296,552,1353,-296,611,1347,-57,537,1342,-70,594,1317,-258,570,1315,-262,670,1229,106,500,1222,25,810,1171,-12,375,1157,-128,798,1313,-187,408,1311,-437,793,1352,-234,414,1347,-501,780,1357,-191,425,1347,-471,777,1347,-175,427,1336,-434,645,936,75,535,949,-74,663,707,-115,637,778,-499,657,447,46,549,595,-164,639,423,48,529,580,-133,660,369,-185,539,485,-313,
587,1338,-262,596,1355,-220,604,1355,-220,611,1355,-220,575,1355,-220,566,1354,-220,558,1353,-220,619,1347,-19,544,1343,-27,599,1317,-193,575,1316,-196,677,1222,120,504,1219,25,802,1132,-52,399,1117,-162,809,1278,-313,410,1267,-473,807,1309,-364,413,1305,-532,795,1319,-322,424,1307,-503,791,1308,-303,428,1293,-469,645,937,82,535,955,-82,658,700,-80,656,832,-603,655,446,59,584,637,-368,637,422,58,557,626,-342,669,367,-137,586,510,-472,
593,1340,-275,603,1356,-234,610,1356,-234,617,1356,-234,581,1355,-237,573,1355,-237,565,1354,-237,626,1348,-38,550,1343,-54,606,1318,-207,582,1317,-212,686,1212,101,506,1211,0,795,1093,-72,419,1081,-171,816,1241,-381,411,1232,-477,819,1271,-433,414,1267,-533,807,1282,-394,425,1272,-507,802,1274,-374,429,1262,-474,644,937,79,536,953,-79,663,693,-65,674,893,-584,654,446,67,596,662,-315,634,425,68,571,649,-284,665,369,-117,614,537,-406,
600,1342,-282,608,1357,-238,616,1356,-238,622,1356,-238,587,1356,-246,578,1356,-246,570,1355,-246,630,1349,-17,555,1344,-59,614,1320,-204,588,1319,-216,692,1207,133,506,1208,8,781,1074,-79,437,1067,-187,814,1210,-481,412,1209,-590,823,1235,-545,414,1242,-657,813,1247,-521,426,1248,-645,807,1241,-481,430,1239,-594,643,938,80,537,951,-80,662,680,-57,695,946,-683,647,446,32,619,692,-437,627,426,27,596,668,-409,664,368,-174,642,575,-554,
605,1342,-252,614,1356,-205,622,1356,-205,628,1356,-205,592,1356,-212,582,1355,-212,574,1355,-212,635,1349,30,558,1344,-13,618,1320,-166,591,1318,-179,696,1205,163,505,1206,105,756,1058,-35,460,1055,-62,810,1175,-406,416,1186,-560,822,1202,-467,415,1217,-635,816,1217,-455,425,1226,-584,810,1210,-409,429,1217,-562,650,943,68,541,951,-67,660,678,-53,689,977,-764,640,448,70,647,736,-549,622,429,71,632,712,-524,663,367,-141,672,636,-699,
606,1342,-223,616,1356,-178,624,1356,-179,631,1356,-179,594,1356,-182,584,1355,-182,576,1355,-182,638,1349,56,562,1344,30,620,1320,-138,593,1318,-145,697,1207,206,510,1207,151,739,1056,62,479,1050,20,807,1157,-314,422,1167,-404,824,1180,-380,415,1196,-467,820,1194,-430,425,1207,-483,813,1189,-334,430,1199,-423,650,946,71,545,952,-70,656,681,6,697,1001,-758,626,449,123,659,754,-668,611,429,122,641,720,-656,660,368,-60,713,661,-844,
610,1342,-252,619,1356,-208,627,1356,-208,633,1356,-208,596,1356,-211,587,1355,-211,578,1355,-210,640,1349,29,565,1344,8,623,1320,-166,596,1317,-172,700,1208,192,511,1208,127,733,1052,40,481,1049,-31,807,1147,-323,427,1168,-455,827,1167,-385,417,1196,-525,824,1181,-403,426,1207,-555,816,1177,-338,430,1199,-482,650,946,77,544,953,-77,654,690,26,701,1019,-773,619,450,155,698,755,-705,604,431,156,659,727,-694,656,368,-27,742,679,-883,
612,1341,-244,621,1356,-198,629,1356,-198,636,1356,-198,598,1356,-201,590,1355,-201,581,1355,-201,642,1349,42,568,1344,16,626,1320,-156,599,1317,-163,703,1207,208,514,1208,130,734,1055,73,480,1049,-27,812,1151,-274,430,1164,-459,834,1171,-330,421,1194,-528,830,1184,-346,427,1205,-550,822,1178,-287,431,1197,-482,649,947,77,545,954,-77,651,696,16,702,1022,-778,617,451,154,703,753,-713,602,432,155,663,732,-703,653,368,-42,748,683,-896,
619,1342,-236,625,1356,-187,633,1356,-188,640,1356,-188,604,1356,-195,595,1356,-195,586,1355,-195,644,1349,54,569,1344,10,631,1320,-149,604,1317,-161,704,1208,213,515,1208,129,736,1056,91,472,1054,-15,819,1160,-224,431,1169,-425,839,1183,-273,424,1202,-488,834,1197,-272,428,1214,-495,826,1191,-230,432,1204,-438,650,950,75,546,955,-74,647,700,11,699,1014,-784,614,456,146,682,773,-700,597,437,144,662,730,-688,652,368,-63,750,683,-890,
619,1344,-238,626,1359,-198,632,1359,-198,640,1358,-198,603,1359,-196,593,1358,-196,584,1356,-195,646,1349,32,569,1345,1,631,1322,-160,603,1319,-166,707,1207,192,518,1208,108,747,1057,48,467,1061,-51,830,1173,-291,431,1190,-436,847,1199,-341,424,1218,-499,839,1213,-329,428,1230,-500,832,1207,-292,433,1221,-446,651,949,74,546,955,-74,646,697,17,700,1003,-812,614,459,179,670,756,-690,598,440,182,652,722,-676,652,368,-31,723,666,-881,
616,1345,-251,625,1361,-208,632,1361,-208,638,1360,-208,601,1360,-210,592,1359,-210,583,1357,-209,647,1350,24,570,1345,-6,630,1323,-170,601,1320,-177,710,1205,185,519,1208,101,767,1065,7,466,1070,-59,837,1187,-375,430,1201,-440,850,1214,-431,424,1232,-506,840,1227,-412,429,1242,-504,833,1220,-376,434,1233,-451,651,949,76,546,955,-76,646,692,23,703,993,-786,614,457,168,660,747,-672,598,440,172,639,715,-659,651,363,-35,705,651,-851,
617,1346,-327,626,1362,-280,632,1362,-280,638,1361,-280,602,1361,-286,593,1360,-286,585,1358,-286,647,1351,-34,572,1345,-70,632,1324,-239,601,1321,-249,712,1204,149,520,1209,27,787,1073,-94,451,1076,-162,839,1195,-512,427,1210,-545,849,1225,-575,424,1245,-617,837,1239,-546,430,1254,-601,831,1233,-511,434,1245,-548,650,942,81,545,952,-81,648,670,2,704,980,-772,614,457,130,660,738,-636,595,439,129,637,712,-615,652,363,-91,689,640,-730,
616,1347,-322,624,1363,-274,631,1362,-274,638,1362,-275,601,1361,-278,592,1360,-278,584,1358,-278,647,1351,-37,572,1345,-57,632,1326,-239,600,1322,-243,712,1205,129,522,1211,33,805,1088,-119,434,1093,-137,843,1232,-494,425,1244,-471,849,1262,-553,424,1281,-543,835,1275,-520,431,1289,-513,829,1266,-490,434,1275,-468,648,938,79,545,950,-79,651,671,-47,699,944,-753,615,456,53,625,717,-504,595,438,49,597,696,-472,651,361,-178,638,612,-614,
615,1349,-331,624,1365,-284,631,1364,-284,637,1363,-285,601,1363,-282,592,1361,-282,584,1359,-282,646,1352,-60,573,1345,-53,632,1327,-253,600,1325,-250,712,1208,108,525,1216,41,823,1119,-89,414,1132,18,842,1265,-422,424,1288,-113,846,1301,-480,424,1324,-164,833,1310,-470,433,1327,-144,828,1301,-424,437,1314,-112,648,938,75,545,953,-74,652,674,-104,686,897,-663,614,456,29,580,679,-402,591,438,27,558,671,-377,650,367,-226,595,558,-567,
614,1349,-391,623,1365,-345,630,1364,-345,637,1364,-346,600,1363,-343,591,1361,-343,583,1359,-343,646,1352,-106,572,1346,-93,632,1327,-304,600,1325,-301,711,1212,106,526,1225,6,837,1155,-53,403,1173,29,842,1301,-297,422,1331,-30,845,1339,-353,424,1364,-76,833,1347,-323,434,1366,-66,826,1337,-295,437,1355,-33,648,932,91,544,953,-91,652,667,-98,679,853,-628,614,455,57,551,664,-304,588,434,58,525,654,-271,651,366,-174,544,546,-423,
614,1349,-373,623,1365,-326,630,1364,-326,637,1364,-326,600,1363,-327,591,1361,-327,583,1359,-327,646,1352,-86,572,1346,-90,631,1327,-287,600,1325,-289,710,1218,107,525,1227,-17,848,1199,94,394,1220,-4,840,1347,7,421,1377,-126,836,1382,-29,424,1409,-184,820,1386,-2,436,1408,-171,817,1374,9,438,1396,-130,648,931,106,544,953,-106,652,667,-94,660,813,-572,614,452,55,521,638,-263,589,427,55,495,637,-233,651,363,-172,492,523,-380,
614,1349,-361,623,1364,-310,630,1364,-310,637,1364,-310,600,1363,-317,591,1361,-317,583,1359,-317,645,1352,-82,572,1346,-92,631,1327,-272,599,1325,-281,707,1227,160,525,1230,-51,850,1238,186,391,1259,-85,831,1383,116,421,1416,-145,819,1418,85,426,1449,-198,805,1421,107,438,1448,-184,804,1410,117,439,1438,-148,650,930,123,545,952,-124,651,677,-87,638,766,-469,615,446,66,496,612,-105,590,416,72,464,615,-72,651,363,-168,461,498,-231,
613,1347,-354,622,1363,-290,628,1363,-290,635,1363,-290,599,1362,-309,590,1360,-309,582,1359,-309,643,1351,-27,571,1345,-85,629,1326,-255,598,1323,-280,701,1231,173,525,1235,-33,849,1269,149,393,1302,-108,817,1417,40,421,1457,-162,804,1454,-3,428,1490,-223,792,1458,20,442,1488,-201,791,1445,38,441,1477,-165,651,930,113,545,952,-113,649,682,-78,602,736,-390,618,446,42,471,583,-118,596,416,38,442,589,-99,650,363,-218,436,478,-295,
610,1345,-281,620,1362,-220,626,1362,-220,634,1362,-220,597,1361,-231,587,1360,-231,581,1358,-230,642,1351,44,570,1345,6,626,1325,-186,594,1321,-199,699,1236,207,525,1240,47,840,1306,155,397,1332,-27,799,1456,24,422,1487,-98,789,1493,-35,430,1524,-171,775,1494,-11,446,1523,-149,774,1484,20,446,1514,-103,651,931,98,545,952,-98,646,681,-48,565,713,-226,623,446,150,448,556,195,605,417,155,427,558,228,650,358,-116,415,448,39,
607,1342,-282,617,1360,-225,624,1360,-225,631,1360,-225,593,1359,-233,584,1357,-233,578,1356,-233,640,1351,38,569,1345,6,623,1321,-188,592,1318,-198,695,1239,189,524,1242,62,837,1330,120,400,1350,-22,787,1479,-32,424,1509,-138,778,1515,-99,431,1548,-220,763,1518,-85,446,1549,-205,761,1508,-40,447,1538,-147,651,931,64,544,949,-64,642,675,-5,529,700,-153,625,446,243,423,514,186,612,417,252,404,508,207,646,356,-38,390,414,-49,
605,1340,-335,616,1358,-283,623,1358,-283,630,1358,-283,590,1357,-287,580,1355,-287,575,1353,-286,638,1350,-34,567,1344,-45,622,1318,-245,590,1314,-249,693,1240,54,523,1243,17,813,1349,-59,411,1370,-100,774,1507,-203,428,1536,-210,766,1542,-285,433,1578,-313,751,1546,-276,449,1581,-297,748,1535,-214,451,1568,-223,651,931,25,540,945,-25,638,671,7,503,690,-71,626,444,283,409,480,248,614,417,295,398,469,265,643,356,1,384,390,-13,
601,1340,-419,613,1358,-373,621,1358,-373,628,1358,-373,587,1356,-372,577,1355,-372,571,1353,-372,637,1349,-152,564,1343,-150,618,1318,-340,587,1314,-340,691,1241,-102,520,1244,-107,790,1364,-237,421,1388,-263,765,1524,-363,430,1552,-375,758,1561,-440,435,1593,-466,743,1563,-438,452,1597,-441,739,1553,-376,454,1584,-382,651,929,8,535,941,-8,638,663,30,483,678,-12,628,444,354,397,451,291,613,418,372,394,435,307,643,356,97,375,376,34,
598,1340,-506,611,1358,-467,619,1358,-466,627,1358,-466,585,1356,-466,575,1355,-466,569,1353,-466,635,1348,-264,562,1343,-261,615,1318,-431,584,1314,-431,687,1244,-231,514,1248,-226,765,1381,-385,435,1395,-393,750,1547,-508,431,1564,-494,748,1583,-584,435,1607,-578,734,1586,-587,451,1611,-562,729,1574,-523,454,1597,-504,647,926,0,527,935,0,637,654,32,463,661,14,631,438,352,390,430,295,615,416,369,389,412,308,643,356,96,368,359,38,
592,1339,-550,606,1358,-514,614,1358,-513,623,1358,-514,579,1356,-513,570,1355,-513,564,1353,-512,632,1347,-318,557,1343,-310,609,1317,-477,578,1314,-474,680,1247,-298,509,1254,-269,746,1391,-481,448,1407,-430,739,1562,-611,434,1578,-529,738,1595,-693,438,1618,-613,726,1600,-696,453,1624,-607,721,1590,-627,455,1611,-543,639,922,-11,516,930,10,637,650,36,451,659,61,635,437,383,398,434,365,618,416,402,404,415,379,643,356,132,364,360,125,
588,1340,-539,602,1358,-500,610,1358,-500,619,1357,-500,576,1357,-500,567,1355,-500,561,1354,-500,628,1346,-304,552,1345,-302,603,1319,-466,572,1318,-466,671,1252,-301,498,1261,-261,722,1403,-471,456,1421,-410,726,1578,-591,440,1590,-503,727,1608,-673,440,1627,-584,716,1613,-676,454,1633,-585,710,1606,-606,458,1623,-520,631,922,-17,507,929,17,635,650,25,445,664,34,638,438,376,401,450,410,621,416,398,410,429,434,643,356,145,366,368,210,
581,1340,-581,595,1358,-541,604,1358,-541,612,1357,-541,569,1357,-541,561,1356,-541,554,1355,-541,623,1346,-336,545,1346,-331,595,1319,-502,565,1318,-501,663,1254,-326,491,1263,-291,704,1404,-527,465,1422,-450,718,1575,-670,444,1590,-538,722,1608,-755,443,1626,-622,713,1613,-761,455,1633,-626,707,1606,-687,459,1625,-557,621,921,-15,498,929,14,633,651,17,443,665,23,639,438,418,406,451,443,624,417,445,413,429,471,642,356,182,367,367,240,
574,1338,-515,588,1356,-473,596,1356,-473,604,1355,-473,563,1356,-474,555,1355,-474,549,1355,-474,616,1345,-269,539,1346,-264,587,1317,-436,558,1318,-436,653,1254,-268,486,1263,-218,691,1407,-462,469,1421,-362,709,1568,-595,448,1587,-463,713,1601,-679,445,1620,-543,704,1606,-684,457,1629,-544,698,1597,-611,461,1619,-480,611,921,-24,491,929,24,628,651,15,443,670,59,640,439,352,407,450,388,625,418,371,416,427,406,642,357,112,357,368,171,
565,1338,-500,579,1356,-464,588,1356,-464,596,1355,-464,554,1356,-463,548,1356,-463,541,1355,-463,609,1344,-246,532,1347,-243,578,1317,-418,549,1318,-432,645,1252,-267,482,1262,-192,685,1408,-476,471,1425,-329,705,1565,-604,454,1588,-445,709,1599,-688,450,1622,-524,700,1606,-690,463,1630,-520,694,1596,-619,468,1619,-467,600,922,-39,481,930,39,621,652,-13,441,671,69,640,437,274,409,450,394,629,418,286,420,430,412,642,355,14,359,365,193,
557,1338,-495,569,1356,-460,578,1356,-460,586,1355,-460,547,1356,-455,541,1356,-455,534,1356,-455,600,1344,-277,526,1347,-245,569,1317,-424,542,1318,-420,639,1252,-302,477,1262,-200,678,1407,-508,470,1426,-338,699,1561,-635,457,1589,-435,705,1594,-718,453,1620,-511,696,1601,-721,466,1628,-515,689,1591,-650,472,1618,-455,590,922,-41,472,930,41,616,660,-28,439,674,94,640,437,225,409,454,369,628,418,233,422,433,380,642,358,-48,359,369,148,
548,1339,-509,560,1356,-474,568,1356,-474,577,1355,-474,539,1356,-468,534,1356,-468,527,1356,-468,591,1344,-298,520,1347,-259,561,1318,-442,535,1319,-432,632,1251,-318,472,1263,-222,672,1407,-520,468,1427,-365,694,1559,-643,460,1592,-443,700,1591,-723,455,1621,-520,690,1599,-727,469,1628,-525,682,1590,-658,475,1618,-463,582,922,-37,463,930,36,613,660,-26,430,669,96,638,437,235,405,450,403,627,416,246,420,428,416,642,357,-21,358,369,178,
542,1339,-554,554,1356,-520,562,1356,-520,570,1355,-520,534,1356,-512,529,1357,-512,522,1357,-512,585,1344,-342,516,1347,-296,554,1318,-485,530,1319,-473,626,1251,-353,469,1264,-262,666,1407,-556,467,1430,-417,691,1555,-682,460,1597,-498,696,1588,-765,456,1625,-576,688,1597,-769,471,1631,-582,680,1587,-698,478,1622,-517,575,922,-33,456,930,33,608,659,-25,426,669,85,634,437,248,405,447,386,626,416,259,420,425,399,641,357,-10,362,366,148,
537,1339,-555,549,1356,-521,557,1356,-521,566,1355,-522,529,1356,-512,525,1357,-512,518,1357,-512,581,1344,-342,512,1348,-290,550,1318,-486,525,1319,-471,622,1251,-352,466,1264,-248,663,1407,-564,466,1429,-400,688,1557,-687,459,1594,-491,694,1590,-772,455,1622,-571,685,1598,-776,471,1628,-578,677,1588,-703,477,1620,-511,572,922,-36,453,930,35,605,659,-16,422,669,98,627,437,268,407,444,392,621,415,279,421,422,403,640,357,-5,363,361,147,
534,1339,-534,546,1356,-499,555,1356,-499,563,1355,-499,526,1357,-493,521,1357,-493,515,1358,-492,578,1344,-312,509,1348,-275,547,1318,-463,522,1320,-453,618,1251,-306,459,1264,-239,658,1408,-501,464,1430,-401,685,1558,-654,459,1596,-485,692,1590,-731,455,1622,-566,682,1598,-725,471,1629,-571,674,1589,-663,478,1620,-504,570,921,-35,449,928,35,605,658,12,415,667,75,617,435,304,403,437,372,607,412,317,417,414,384,643,357,31,360,356,130,
531,1339,-519,544,1356,-480,552,1356,-480,561,1355,-480,523,1358,-475,518,1358,-474,512,1359,-474,576,1344,-293,506,1349,-261,543,1319,-449,518,1320,-440,617,1251,-303,456,1265,-233,659,1404,-495,460,1432,-405,683,1556,-614,458,1596,-486,689,1588,-696,455,1621,-568,680,1597,-706,471,1628,-571,672,1588,-632,477,1620,-504,568,921,-18,445,928,17,603,658,17,411,667,55,609,435,303,401,441,365,597,411,316,416,420,369,643,357,30,362,358,91,
