560,1370,-483,571,1391,-432,577,1391,-432,583,1391,-432,548,1392,-432,540,1392,-432,532,1392,-432,591,1383,-181,516,1380,-180,573,1349,-394,546,1349,-394,651,1271,-108,459,1271,-108,790,1353,-404,320,1351,-458,664,1423,-424,444,1416,-604,633,1434,-479,479,1431,-679,623,1428,-419,486,1423,-601,629,1420,-410,479,1413,-590,617,946,0,491,949,0,627,689,-18,465,694,-7,632,463,204,450,471,196,616,437,208,473,444,200,662,392,-75,397,402,-76,
560,1370,-500,570,1392,-450,577,1391,-450,583,1391,-450,548,1392,-450,540,1392,-449,532,1392,-449,590,1383,-202,516,1380,-198,572,1349,-413,546,1350,-412,651,1272,-136,459,1271,-138,788,1353,-491,321,1351,-532,664,1423,-594,444,1416,-728,633,1434,-656,479,1431,-807,623,1427,-592,486,1422,-726,629,1420,-579,478,1412,-712,617,947,0,491,949,0,626,689,-13,465,696,-6,632,463,204,447,475,196,615,437,208,466,450,200,662,394,-75,398,404,-77,
559,1370,-514,570,1392,-464,576,1392,-464,582,1392,-464,547,1392,-464,539,1392,-464,531,1392,-463,590,1384,-219,516,1380,-214,572,1350,-427,546,1350,-426,651,1272,-154,459,1271,-156,787,1353,-514,321,1350,-563,664,1423,-613,443,1416,-768,633,1434,-675,478,1431,-848,623,1427,-611,485,1422,-767,629,1420,-599,476,1412,-752,617,948,0,490,950,0,625,689,-12,464,696,-6,632,464,202,443,476,196,615,437,206,461,451,199,661,394,-77,398,405,-77,
558,1370,-510,569,1392,-461,575,1392,-461,581,1392,-461,546,1391,-460,538,1391,-460,530,1391,-460,590,1384,-218,516,1379,-211,572,1350,-424,545,1350,-422,651,1272,-157,459,1271,-155,787,1353,-525,321,1350,-569,664,1423,-634,443,1416,-785,632,1434,-697,478,1430,-866,623,1427,-633,484,1422,-785,629,1419,-620,476,1412,-770,617,949,0,490,950,0,624,689,-13,464,696,-6,632,464,188,441,476,190,615,437,190,458,451,192,661,394,-92,398,405,-82,
557,1370,-514,567,1391,-466,574,1391,-466,580,1392,-466,545,1391,-464,537,1391,-464,529,1390,-464,589,1384,-223,515,1379,-213,571,1350,-429,545,1350,-426,651,1272,-162,459,1271,-158,786,1353,-536,321,1349,-584,664,1423,-648,443,1415,-817,632,1434,-712,477,1430,-901,623,1426,-649,484,1422,-820,629,1419,-634,475,1411,-802,617,950,0,490,951,0,623,689,-13,463,696,-5,632,464,184,439,476,188,613,437,186,456,452,190,661,394,-100,398,406,-84,
557,1370,-503,567,1391,-455,574,1391,-455,580,1392,-455,545,1391,-452,537,1391,-452,529,1390,-452,588,1383,-215,515,1378,-203,571,1350,-419,544,1349,-416,650,1272,-158,459,1271,-157,785,1353,-507,322,1349,-560,663,1422,-599,442,1415,-779,631,1433,-661,477,1430,-862,622,1426,-599,484,1421,-781,628,1418,-585,475,1411,-764,616,950,0,490,951,0,622,688,-12,463,697,-4,631,464,183,438,476,188,612,437,185,455,453,190,660,394,-100,398,406,-84,
557,1370,-474,567,1391,-426,574,1391,-426,580,1391,-426,544,1391,-425,537,1391,-425,528,1390,-425,588,1383,-189,514,1378,-180,571,1350,-391,544,1349,-389,650,1272,-134,459,1271,-129,784,1353,-466,321,1348,-534,662,1422,-523,442,1415,-752,629,1433,-581,477,1430,-836,620,1425,-517,484,1421,-752,626,1417,-508,475,1411,-738,615,950,0,490,951,0,622,688,-11,462,697,-1,631,464,184,437,476,190,612,437,187,455,454,192,659,394,-98,398,407,-78,
556,1370,-483,567,1391,-436,573,1391,-435,579,1391,-435,544,1391,-434,536,1391,-434,528,1390,-434,588,1383,-200,514,1378,-192,571,1350,-400,544,1349,-398,649,1272,-149,459,1271,-145,783,1353,-517,321,1348,-586,662,1422,-622,442,1415,-829,629,1433,-686,476,1430,-914,620,1425,-620,483,1421,-832,625,1417,-607,474,1411,-814,615,951,-1,490,951,1,621,688,-11,462,697,0,631,464,184,437,477,190,612,438,185,454,454,192,656,394,-101,398,408,-78,
556,1371,-484,566,1392,-436,573,1392,-436,579,1392,-436,543,1391,-435,535,1391,-435,527,1390,-435,587,1383,-201,513,1378,-192,570,1350,-400,543,1349,-399,648,1272,-148,458,1270,-143,783,1353,-504,320,1348,-566,661,1422,-598,441,1415,-783,629,1433,-662,475,1430,-865,619,1425,-598,482,1421,-784,625,1417,-584,473,1411,-768,614,951,-2,489,952,1,621,689,-11,462,697,2,631,465,183,436,478,190,613,439,185,453,455,192,654,395,-102,398,409,-78,
555,1371,-475,565,1392,-427,572,1392,-427,578,1392,-427,542,1391,-425,534,1391,-425,526,1390,-425,587,1383,-191,513,1378,-181,569,1350,-392,542,1349,-390,648,1272,-140,458,1270,-132,782,1353,-475,320,1348,-555,661,1422,-533,441,1415,-769,628,1433,-590,473,1429,-850,619,1424,-528,481,1421,-770,624,1417,-518,472,1410,-755,614,952,-2,489,952,1,621,689,-11,462,698,1,631,465,177,436,478,180,613,440,179,452,456,182,654,395,-108,398,409,-88,
555,1371,-472,565,1392,-423,572,1392,-422,578,1392,-423,542,1391,-422,534,1391,-422,525,1390,-422,586,1383,-181,512,1378,-176,569,1350,-387,542,1349,-386,648,1272,-127,457,1270,-124,782,1353,-456,319,1347,-537,660,1422,-514,440,1414,-750,627,1433,-573,473,1429,-833,618,1424,-511,480,1420,-752,623,1417,-499,472,1410,-736,614,952,-1,489,952,1,620,689,-11,461,698,-2,631,465,178,435,478,178,613,440,180,450,456,180,654,394,-106,398,409,-92,
554,1371,-465,565,1392,-415,572,1392,-415,578,1392,-415,542,1391,-414,534,1391,-414,525,1390,-414,586,1383,-168,512,1378,-165,569,1350,-378,541,1349,-378,647,1272,-104,456,1270,-103,782,1353,-410,318,1347,-488,659,1422,-449,440,1414,-681,626,1433,-506,472,1428,-762,617,1424,-446,480,1420,-683,622,1417,-434,471,1409,-668,614,952,0,489,952,0,620,689,-11,461,698,-6,631,465,183,435,478,179,613,440,186,449,456,181,655,394,-98,398,409,-92,
554,1371,-468,564,1392,-418,571,1392,-418,577,1392,-418,542,1391,-418,533,1391,-418,524,1390,-417,586,1383,-171,512,1377,-168,569,1350,-382,541,1349,-381,647,1272,-106,456,1270,-106,782,1353,-420,318,1347,-493,659,1422,-468,439,1414,-691,626,1433,-527,471,1428,-773,616,1424,-466,479,1419,-693,622,1417,-453,470,1409,-677,614,952,0,489,952,0,620,688,-9,461,698,-6,631,465,195,435,478,185,613,439,199,448,456,189,656,394,-85,398,409,-86,
554,1371,-451,564,1391,-401,571,1392,-400,577,1392,-400,541,1391,-400,533,1390,-400,524,1389,-400,586,1383,-152,511,1377,-151,568,1350,-364,541,1349,-364,647,1272,-87,455,1270,-88,782,1353,-393,317,1347,-465,658,1422,-425,439,1413,-648,624,1432,-482,471,1427,-728,615,1424,-421,479,1419,-650,621,1416,-410,470,1409,-635,614,952,0,489,952,0,620,688,-9,461,698,-8,631,465,196,435,478,186,613,439,200,449,456,189,656,393,-84,399,409,-86,
554,1371,-483,564,1392,-432,571,1392,-432,577,1392,-432,541,1391,-432,533,1391,-432,524,1390,-432,586,1383,-178,511,1377,-181,568,1351,-394,541,1349,-395,647,1271,-112,455,1270,-120,782,1353,-464,316,1347,-528,658,1422,-553,438,1413,-746,624,1432,-618,470,1427,-831,615,1423,-553,478,1419,-751,621,1416,-538,469,1408,-732,614,952,0,489,952,-1,620,688,-4,461,698,-8,631,465,212,435,478,193,614,439,217,448,455,197,656,393,-72,399,409,-84,
553,1371,-496,564,1392,-445,571,1392,-445,577,1392,-445,541,1391,-446,533,1391,-446,524,1390,-446,586,1384,-191,511,1377,-194,568,1351,-407,540,1349,-408,647,1271,-125,454,1270,-131,781,1353,-483,315,1347,-540,658,1422,-579,437,1413,-759,624,1432,-644,469,1427,-843,615,1423,-580,477,1418,-763,621,1416,-565,468,1408,-745,614,952,0,489,952,-1,620,687,-3,461,697,-7,631,465,217,435,478,200,615,439,221,449,455,205,656,393,-69,399,409,-78,
553,1371,-523,564,1392,-472,571,1392,-472,577,1392,-472,541,1391,-473,533,1391,-473,524,1390,-473,586,1384,-218,511,1377,-222,568,1351,-433,540,1349,-434,646,1271,-154,454,1270,-159,781,1353,-534,314,1347,-591,658,1422,-659,437,1413,-835,624,1431,-728,469,1426,-923,615,1423,-662,477,1418,-843,621,1416,-644,468,1408,-821,614,952,0,489,952,0,620,687,0,461,697,-2,632,466,226,435,478,214,616,440,230,449,455,218,656,393,-63,399,409,-65,
553,1371,-547,564,1392,-497,571,1392,-496,577,1392,-496,541,1391,-497,533,1391,-497,524,1390,-497,586,1383,-242,511,1377,-244,568,1351,-457,540,1349,-458,646,1271,-179,454,1270,-181,781,1353,-570,314,1347,-627,658,1422,-707,437,1412,-884,624,1431,-779,469,1426,-974,615,1423,-712,477,1418,-893,621,1416,-693,468,1407,-871,614,952,0,489,952,0,620,686,3,461,697,1,632,466,234,435,478,223,616,440,239,449,456,228,656,393,-58,399,409,-56,
554,1371,-568,564,1392,-519,571,1392,-519,577,1392,-519,541,1391,-520,533,1390,-520,524,1389,-520,586,1383,-266,511,1377,-269,568,1351,-479,540,1349,-480,646,1271,-203,454,1269,-207,781,1352,-605,314,1347,-675,658,1421,-756,437,1412,-954,624,1431,-830,469,1426,-1046,615,1422,-762,477,1417,-964,621,1415,-742,468,1407,-940,614,952,0,489,952,0,620,686,2,461,697,2,632,467,229,435,478,220,617,442,233,449,456,224,655,393,-61,399,409,-59,
554,1371,-580,564,1391,-530,571,1391,-530,577,1391,-530,541,1390,-531,533,1390,-531,524,1389,-531,585,1383,-275,511,1377,-277,568,1350,-490,540,1349,-490,646,1271,-212,454,1269,-217,781,1352,-634,314,1347,-697,658,1420,-809,437,1412,-989,624,1430,-886,469,1426,-1084,615,1422,-818,477,1417,-1003,621,1415,-794,468,1407,-976,614,951,0,489,952,0,620,686,6,461,697,4,632,467,244,436,478,233,617,442,249,449,456,238,654,393,-47,399,409,-46,
554,1370,-566,564,1391,-516,571,1391,-516,577,1391,-516,541,1390,-516,533,1390,-516,524,1389,-516,585,1383,-265,511,1376,-263,568,1350,-476,540,1348,-476,646,1271,-204,454,1269,-205,782,1352,-615,314,1347,-671,658,1420,-770,437,1412,-944,624,1430,-843,469,1426,-1036,615,1421,-776,477,1417,-954,621,1414,-755,468,1407,-930,614,951,0,489,951,0,620,686,7,461,696,5,632,468,240,436,477,230,617,443,245,449,455,234,653,393,-49,399,408,-49,
554,1370,-523,564,1391,-476,571,1391,-475,577,1391,-475,541,1390,-474,533,1390,-474,524,1389,-474,586,1382,-235,511,1376,-226,568,1350,-438,540,1348,-436,646,1271,-177,454,1269,-167,782,1351,-537,314,1347,-582,658,1420,-616,437,1412,-792,624,1430,-679,470,1426,-876,615,1421,-613,477,1417,-793,621,1414,-600,468,1407,-777,614,951,0,489,950,0,620,685,6,461,696,6,632,467,237,436,477,226,617,442,241,450,455,231,652,393,-52,399,408,-51,
554,1370,-501,564,1391,-452,571,1391,-452,577,1390,-452,542,1390,-452,533,1390,-452,524,1389,-452,586,1382,-209,511,1376,-206,568,1349,-416,540,1348,-415,646,1270,-152,454,1269,-150,782,1351,-506,314,1347,-564,658,1420,-589,437,1412,-770,625,1429,-653,470,1426,-853,615,1421,-588,477,1417,-771,621,1414,-574,468,1407,-755,614,949,0,489,950,0,620,684,6,461,695,5,632,466,235,436,477,225,617,441,240,449,455,229,652,393,-50,399,407,-52,
554,1370,-505,565,1390,-456,571,1390,-456,577,1390,-456,542,1390,-456,533,1389,-456,525,1389,-456,586,1382,-212,511,1376,-207,568,1349,-419,541,1348,-418,646,1270,-153,454,1269,-153,783,1351,-508,314,1347,-583,659,1419,-602,438,1412,-784,627,1429,-667,470,1426,-866,617,1421,-603,478,1417,-779,622,1413,-588,469,1407,-768,614,949,0,489,949,-1,620,682,6,461,695,5,631,465,237,436,477,224,616,440,242,449,454,229,652,393,-46,399,405,-51,
555,1370,-529,565,1390,-479,571,1390,-479,578,1390,-479,542,1390,-479,534,1390,-479,525,1389,-479,586,1382,-231,511,1376,-229,569,1349,-441,541,1348,-441,646,1270,-174,455,1269,-179,784,1350,-580,316,1347,-650,660,1419,-724,438,1412,-907,627,1429,-796,471,1426,-997,617,1421,-727,478,1417,-911,623,1413,-709,469,1407,-892,615,949,1,489,949,-1,620,681,6,461,694,5,631,465,235,436,476,223,614,440,241,451,454,228,652,393,-48,400,404,-52,
555,1369,-513,565,1389,-465,572,1389,-465,578,1389,-465,542,1389,-465,534,1389,-465,525,1388,-465,586,1382,-219,511,1376,-216,569,1348,-426,541,1347,-425,647,1270,-160,455,1269,-161,784,1350,-563,317,1347,-610,661,1419,-703,439,1412,-840,628,1429,-775,471,1426,-925,618,1421,-699,478,1417,-842,624,1413,-685,469,1406,-824,616,949,0,489,949,-1,621,681,6,461,695,5,630,465,235,436,476,223,613,440,240,451,454,228,652,393,-49,400,404,-51,
556,1367,-386,566,1388,-337,573,1388,-336,579,1388,-336,544,1388,-336,535,1387,-336,527,1387,-336,587,1381,-93,512,1375,-92,570,1347,-300,543,1347,-300,649,1270,-30,457,1269,-25,785,1351,-300,319,1346,-362,661,1420,-278,441,1412,-487,629,1430,-326,475,1426,-558,618,1421,-262,482,1417,-477,624,1413,-261,473,1406,-471,618,949,0,492,949,0,621,680,4,462,696,1,630,465,222,437,476,209,613,440,227,452,454,214,651,393,-51,401,404,-57,
557,1367,-255,566,1387,-206,573,1388,-206,579,1388,-206,544,1387,-203,536,1386,-203,528,1386,-202,587,1381,22,514,1375,36,570,1347,-176,544,1346,-173,650,1271,85,460,1269,122,786,1356,-27,321,1343,-85,661,1421,181,441,1411,-112,629,1430,158,475,1425,-170,618,1422,212,482,1417,-96,624,1414,198,473,1406,-99,621,949,-3,497,951,3,622,679,-11,463,698,-2,631,465,182,439,477,184,615,440,187,454,454,190,650,393,-83,401,404,-70,
558,1367,-282,567,1387,-233,573,1387,-232,579,1388,-233,545,1386,-229,537,1385,-229,529,1384,-229,587,1381,-2,515,1373,12,571,1347,-202,546,1346,-198,654,1272,62,465,1268,84,789,1364,-79,325,1336,-162,662,1424,87,443,1410,-216,630,1432,61,477,1425,-277,620,1424,115,485,1416,-200,626,1417,104,477,1405,-201,626,949,-3,503,951,3,625,680,-10,467,699,-7,632,464,186,442,477,174,616,440,191,459,454,179,650,393,-79,401,404,-81,
558,1367,-292,567,1387,-245,573,1387,-245,579,1388,-245,546,1385,-237,538,1384,-237,530,1383,-237,588,1381,-22,517,1372,12,572,1347,-216,547,1346,-206,659,1274,45,472,1266,85,792,1375,-69,328,1324,-148,663,1428,154,444,1407,-209,632,1435,134,477,1422,-272,622,1428,187,485,1414,-200,628,1421,172,478,1403,-196,632,948,-5,510,951,5,629,680,-8,471,699,4,634,464,191,443,477,193,619,440,199,459,454,201,649,393,-60,402,404,-52,
558,1367,-289,567,1387,-246,574,1388,-246,579,1388,-246,546,1385,-232,538,1384,-232,530,1382,-232,588,1382,-41,518,1370,22,572,1347,-220,548,1346,-202,664,1277,20,480,1261,98,794,1389,-81,334,1310,-128,663,1434,189,444,1400,-212,632,1443,178,477,1417,-276,623,1434,225,485,1410,-201,628,1427,206,479,1399,-198,640,947,-13,519,951,13,635,681,-9,475,699,21,637,464,174,445,475,192,624,440,179,459,453,198,648,393,-80,402,404,-52,
559,1367,-321,568,1387,-279,574,1388,-279,580,1388,-279,547,1383,-267,539,1381,-267,532,1379,-267,588,1382,-60,520,1368,-22,574,1347,-252,550,1345,-236,670,1281,-1,489,1254,42,794,1406,-160,340,1289,-251,656,1441,40,445,1388,-414,626,1447,27,476,1409,-477,619,1437,82,485,1401,-363,626,1429,59,479,1388,-383,651,947,-12,531,951,13,643,682,-10,478,701,20,641,464,141,445,475,148,626,441,142,457,454,151,649,393,-116,403,404,-94,
559,1363,-339,567,1382,-296,574,1384,-296,580,1386,-296,547,1376,-287,539,1373,-287,532,1371,-287,588,1380,-94,522,1359,-38,575,1345,-267,551,1338,-253,674,1286,-15,498,1248,34,792,1421,-173,346,1266,-283,645,1446,37,445,1373,-534,614,1450,27,474,1396,-610,611,1438,80,483,1389,-519,618,1430,56,478,1376,-514,663,947,-17,546,953,17,654,682,-50,471,717,17,644,466,137,445,479,163,628,446,142,457,457,166,649,391,-118,398,404,-79,
559,1351,-372,565,1373,-341,572,1375,-341,578,1378,-341,546,1364,-320,539,1360,-321,531,1357,-321,588,1376,-155,523,1348,-58,576,1337,-305,552,1325,-277,678,1293,-65,509,1239,23,787,1438,-199,354,1241,-295,634,1447,17,445,1359,-581,603,1449,13,471,1383,-657,602,1437,67,482,1377,-571,609,1430,38,478,1365,-561,672,941,-36,558,951,35,665,675,-50,449,735,-144,645,468,186,436,495,41,630,448,200,457,468,50,649,393,-36,380,412,-177,
559,1346,-375,564,1369,-348,570,1372,-348,576,1375,-348,545,1357,-325,538,1352,-325,531,1348,-325,588,1374,-168,523,1341,-60,577,1334,-311,553,1319,-277,684,1301,-78,516,1232,41,783,1453,-179,360,1220,-248,624,1447,114,444,1344,-570,592,1448,121,468,1371,-651,592,1437,177,480,1366,-538,600,1429,138,478,1355,-536,682,935,-48,569,950,47,670,668,-93,437,760,-287,644,471,270,427,533,12,632,451,298,452,510,37,649,393,61,363,444,-180,
559,1340,-393,563,1363,-367,569,1367,-366,575,1371,-366,544,1350,-342,537,1345,-342,531,1341,-342,588,1372,-179,526,1334,-61,578,1330,-326,556,1314,-289,687,1310,-74,525,1226,57,769,1462,-125,365,1201,-147,612,1446,183,444,1332,-359,583,1447,189,466,1359,-431,583,1435,239,477,1354,-343,592,1428,203,477,1343,-338,689,934,-52,577,950,52,674,667,-138,429,776,-221,645,470,275,423,578,171,631,451,308,443,556,219,650,393,69,357,491,39,
559,1334,-442,562,1357,-412,568,1361,-412,574,1366,-412,544,1344,-390,537,1339,-390,531,1335,-390,587,1368,-208,528,1327,-96,579,1327,-366,558,1310,-333,689,1314,-76,531,1219,48,751,1468,-88,374,1177,-111,602,1446,227,443,1315,-301,574,1444,233,462,1340,-368,575,1431,275,473,1338,-297,583,1426,244,474,1328,-285,699,932,-53,588,951,53,678,667,-130,424,804,-330,644,470,318,414,608,64,630,452,354,436,588,105,652,396,110,346,524,-94,
557,1322,-499,556,1345,-479,561,1351,-479,567,1356,-479,541,1329,-446,535,1324,-446,529,1319,-446,582,1363,-300,527,1316,-140,579,1320,-430,558,1301,-383,688,1314,-158,534,1213,54,737,1474,-117,382,1157,128,595,1445,251,440,1295,124,566,1439,268,456,1325,91,566,1427,295,467,1322,141,574,1422,264,469,1312,138,705,932,-78,595,955,78,677,667,-127,414,840,-272,642,472,289,404,642,70,621,453,305,429,619,103,652,397,52,337,562,-92,
557,1312,-459,554,1333,-432,558,1338,-432,562,1343,-432,540,1316,-406,535,1311,-406,529,1306,-406,574,1348,-263,527,1302,-122,579,1310,-388,558,1291,-358,687,1313,-142,538,1203,71,723,1480,-103,390,1133,125,581,1436,297,440,1275,134,551,1426,322,452,1311,107,553,1412,350,461,1307,165,562,1408,311,465,1295,151,712,932,-82,606,958,82,677,667,-152,408,877,-222,637,472,179,389,677,89,611,453,204,417,652,115,652,397,-21,334,601,-44,
555,1309,-458,548,1329,-415,551,1333,-415,554,1338,-415,537,1314,-401,532,1308,-401,528,1303,-401,564,1339,-248,527,1295,-107,577,1306,-373,558,1288,-341,686,1312,-142,540,1190,67,713,1482,-125,400,1114,-27,570,1429,273,440,1261,105,541,1417,301,448,1296,-45,544,1405,333,457,1292,46,554,1401,290,461,1279,133,720,933,-82,617,964,82,675,675,-152,412,904,-214,635,479,182,377,701,52,611,462,208,406,680,77,653,397,-19,326,617,-82,
539,1296,-444,534,1317,-422,538,1322,-422,542,1327,-422,524,1302,-392,521,1297,-392,517,1292,-392,556,1329,-283,522,1286,-105,563,1292,-380,550,1276,-335,685,1312,-176,539,1183,57,704,1483,-177,407,1097,-150,564,1421,227,439,1247,-456,534,1409,257,446,1280,-529,538,1398,293,456,1277,-446,547,1394,247,460,1267,-437,723,933,-80,618,969,80,675,677,-145,416,933,-238,631,486,220,373,729,53,601,471,257,398,709,82,653,398,47,332,631,-83,
540,1289,-508,535,1310,-496,538,1315,-496,542,1320,-496,524,1295,-467,520,1289,-467,516,1283,-467,554,1322,-340,520,1277,-193,563,1283,-444,549,1268,-402,683,1311,-210,537,1179,-52,694,1484,-216,414,1081,-300,559,1412,189,439,1237,-624,532,1397,234,447,1271,-691,536,1386,282,457,1266,-613,545,1384,208,460,1255,-605,724,934,-75,620,974,75,678,679,-147,418,959,-244,631,487,220,369,763,46,603,472,255,391,733,77,654,398,39,321,697,-83,
541,1285,-477,533,1305,-458,537,1310,-458,540,1315,-458,523,1289,-431,519,1282,-431,515,1276,-431,550,1318,-293,518,1269,-157,563,1280,-412,549,1264,-372,680,1310,-175,541,1172,-33,687,1485,-205,424,1071,-287,554,1407,186,439,1228,-611,527,1389,213,448,1264,-679,532,1379,252,458,1260,-606,540,1377,203,461,1248,-594,728,935,-74,627,975,74,680,683,-142,422,980,-228,631,491,219,369,777,28,603,479,254,384,747,54,654,398,37,305,723,-99,
538,1282,-427,530,1302,-413,533,1308,-413,536,1314,-413,520,1285,-381,516,1278,-381,512,1272,-381,547,1316,-277,517,1265,-113,561,1277,-370,549,1261,-325,677,1310,-172,544,1166,-28,682,1483,-144,430,1059,-245,550,1403,269,439,1218,-577,524,1386,301,448,1255,-644,528,1375,333,457,1251,-571,537,1373,286,460,1240,-560,732,935,-76,632,975,76,684,683,-136,432,998,-212,632,490,221,370,799,25,604,478,254,382,763,49,653,400,46,295,750,-104,
539,1285,-387,531,1304,-368,534,1309,-368,537,1314,-368,521,1288,-342,517,1281,-342,513,1274,-342,547,1313,-219,517,1263,-86,562,1279,-329,549,1263,-291,675,1306,-153,547,1160,-6,674,1480,-154,435,1054,-235,541,1392,194,439,1214,-567,518,1375,208,447,1250,-633,523,1365,236,455,1247,-563,532,1364,206,459,1236,-552,735,935,-77,636,976,77,683,685,-127,440,1005,-124,632,491,214,364,812,68,604,480,246,375,776,87,653,402,42,286,763,-44,
539,1284,-359,530,1301,-340,533,1306,-340,536,1311,-340,521,1286,-311,517,1279,-311,513,1272,-311,546,1310,-194,517,1261,-52,562,1278,-305,549,1263,-263,673,1302,-146,548,1154,43,671,1478,-161,437,1050,-205,539,1387,187,439,1209,-518,515,1369,200,446,1246,-581,520,1360,227,454,1242,-513,529,1359,198,457,1230,-504,738,935,-82,640,976,82,684,685,-126,449,1017,-95,632,492,182,363,819,81,604,482,209,375,779,98,653,403,15,278,771,-39,
538,1279,-346,529,1296,-330,532,1301,-330,536,1306,-330,521,1280,-299,517,1274,-299,513,1268,-299,545,1306,-191,517,1259,-39,562,1274,-295,549,1260,-250,671,1301,-144,548,1154,75,672,1478,-180,439,1049,-140,540,1389,156,438,1212,-473,516,1371,166,445,1248,-532,521,1361,198,453,1244,-472,529,1360,169,457,1233,-463,740,935,-92,641,976,91,684,685,-133,452,1014,-63,632,494,148,362,821,114,604,485,173,371,780,131,653,403,-24,275,787,-7,
535,1278,-300,528,1296,-286,531,1300,-286,534,1305,-286,520,1281,-249,517,1275,-249,513,1269,-249,545,1305,-168,517,1260,12,559,1274,-256,547,1259,-203,671,1297,-140,548,1155,148,673,1477,-182,441,1053,43,541,1391,158,439,1215,-195,516,1373,169,446,1253,-242,521,1361,202,453,1247,-185,530,1361,172,456,1235,-184,742,935,-107,644,976,107,686,685,-163,454,1016,-44,633,494,82,364,823,131,609,484,104,373,784,147,650,407,-98,278,791,8,
536,1280,-289,529,1298,-270,532,1303,-270,535,1308,-270,520,1283,-238,517,1277,-238,513,1271,-238,546,1308,-130,517,1261,29,561,1276,-238,547,1260,-191,671,1297,-83,549,1156,169,676,1476,-93,440,1053,122,544,1392,263,438,1213,-36,518,1374,282,445,1251,-70,523,1363,313,452,1246,-14,532,1362,278,456,1234,-21,742,936,-106,645,977,106,686,688,-194,455,1012,-22,633,493,21,364,819,143,609,483,40,373,781,159,650,404,-166,269,789,18,
541,1282,-287,531,1300,-265,535,1305,-265,538,1310,-265,522,1285,-238,518,1279,-238,515,1273,-238,546,1309,-113,518,1261,21,567,1277,-231,550,1261,-191,671,1298,-55,548,1159,148,678,1476,-79,439,1056,41,545,1393,265,438,1216,-159,519,1376,283,445,1254,-200,523,1365,317,452,1248,-141,534,1364,279,455,1235,-144,743,938,-102,645,978,102,687,693,-205,454,1011,-58,632,493,23,363,815,99,607,482,43,373,778,109,650,401,-157,275,777,-28,
549,1288,-329,539,1305,-295,542,1310,-295,545,1315,-295,528,1289,-280,524,1282,-280,519,1275,-280,552,1313,-136,519,1263,-23,573,1284,-261,556,1265,-235,675,1298,-64,548,1160,103,680,1476,-111,437,1061,-36,548,1393,206,438,1219,-164,521,1377,222,445,1256,-258,527,1367,262,452,1250,-216,539,1366,222,456,1238,-181,744,938,-99,646,977,99,686,694,-231,454,1002,-59,632,490,28,362,805,131,607,480,51,370,771,147,650,400,-155,278,763,4,
557,1298,-342,546,1313,-301,549,1318,-301,552,1322,-301,536,1297,-291,532,1290,-291,527,1283,-291,559,1319,-152,525,1268,-31,579,1294,-269,564,1274,-248,682,1297,-77,550,1160,89,687,1476,-132,435,1068,-49,559,1401,171,439,1221,-242,533,1385,183,445,1261,-297,538,1375,223,453,1256,-231,549,1374,186,457,1242,-231,743,936,-99,645,977,99,686,690,-243,448,998,-72,631,487,38,361,800,124,607,477,62,369,767,142,650,400,-143,277,763,-6,
559,1311,-317,550,1326,-285,553,1329,-285,557,1333,-285,539,1312,-265,535,1305,-265,530,1299,-265,565,1328,-122,529,1283,-5,580,1305,-256,566,1287,-224,687,1298,-66,550,1166,99,704,1476,-117,428,1094,-21,573,1409,214,443,1241,-158,546,1396,230,452,1278,-201,550,1385,270,460,1273,-129,560,1384,230,463,1260,-140,742,935,-92,643,975,92,686,687,-227,440,985,-103,629,485,60,362,791,115,605,475,79,370,764,134,650,399,-134,279,734,-22,
566,1312,-331,558,1330,-289,562,1333,-288,566,1338,-288,546,1316,-282,541,1310,-282,537,1304,-282,576,1335,-136,536,1292,-25,588,1307,-260,573,1289,-239,693,1300,-64,550,1177,60,730,1476,-109,424,1116,-181,590,1419,239,447,1258,-436,561,1405,261,461,1290,-497,563,1395,301,469,1287,-420,573,1393,257,470,1275,-418,740,935,-73,639,974,73,686,682,-215,431,956,-176,627,478,113,362,758,65,601,467,141,371,736,86,650,395,-69,300,678,-82,
573,1318,-335,566,1338,-300,571,1342,-300,575,1346,-300,552,1325,-285,547,1320,-286,543,1314,-285,587,1344,-136,541,1303,-27,594,1311,-269,578,1295,-241,699,1303,-54,550,1190,61,753,1475,-74,417,1141,-141,608,1428,321,451,1280,-310,577,1418,354,466,1311,-364,578,1406,401,476,1309,-281,587,1403,345,476,1298,-290,737,935,-71,630,973,71,686,682,-213,427,923,-202,627,478,132,360,730,-4,601,466,161,370,699,12,650,393,-50,303,642,-168,
579,1327,-405,574,1349,-370,580,1352,-370,585,1356,-370,558,1336,-352,552,1331,-352,547,1326,-352,598,1352,-170,544,1313,-77,601,1316,-331,581,1300,-305,704,1303,-64,550,1199,36,775,1470,-78,411,1163,-161,628,1438,325,453,1299,-322,595,1431,359,471,1328,-376,595,1418,408,482,1326,-291,603,1413,350,481,1314,-301,732,935,-65,623,969,65,683,681,-202,421,894,-196,627,477,189,360,702,30,604,464,222,371,671,46,650,393,2,306,615,-118,
583,1330,-422,582,1353,-389,589,1356,-389,595,1359,-389,564,1342,-367,557,1337,-367,552,1334,-367,608,1357,-188,548,1324,-85,605,1318,-349,582,1303,-319,709,1303,-69,550,1213,47,792,1462,-58,407,1185,-44,643,1444,368,457,1311,-98,611,1441,406,478,1342,-141,610,1427,457,490,1338,-65,618,1421,395,489,1325,-78,723,935,-67,611,967,67,676,681,-191,414,875,-242,627,477,201,362,686,29,606,462,233,376,656,50,649,394,7,310,593,-141,
588,1338,-449,591,1361,-414,598,1364,-413,605,1368,-414,571,1352,-392,563,1348,-392,557,1344,-392,619,1365,-209,553,1334,-105,611,1324,-377,585,1310,-347,715,1302,-92,549,1221,33,811,1454,-86,402,1211,-99,663,1448,363,462,1328,-195,627,1449,391,485,1360,-237,626,1435,404,498,1354,-168,634,1428,365,497,1340,-176,715,936,-67,600,964,66,669,681,-179,416,835,-247,628,474,218,363,647,38,607,458,250,377,623,60,649,394,17,310,566,-140,
595,1347,-444,601,1370,-409,608,1373,-408,616,1375,-409,579,1362,-386,571,1359,-386,564,1356,-386,627,1371,-209,559,1345,-103,616,1331,-374,588,1320,-344,719,1299,-105,548,1232,34,825,1444,-132,400,1237,-99,682,1453,209,474,1349,-177,649,1456,224,495,1378,-233,645,1443,270,510,1371,-159,652,1435,230,509,1356,-159,706,936,-63,589,960,62,667,680,-158,418,799,-233,630,473,250,363,607,78,610,456,281,377,583,106,649,392,42,311,517,-126,
599,1356,-458,606,1378,-418,614,1381,-418,621,1383,-418,584,1372,-399,577,1369,-399,569,1367,-399,633,1377,-211,564,1356,-117,620,1339,-386,591,1331,-359,722,1296,-114,546,1242,21,836,1433,-175,395,1262,-79,694,1453,113,483,1366,-84,661,1458,114,506,1392,-141,656,1446,165,519,1383,-64,663,1438,134,516,1367,-66,700,936,-55,580,955,55,665,678,-145,419,772,-215,631,474,310,363,590,136,611,456,346,378,569,165,646,392,101,314,499,-63,
605,1362,-390,613,1385,-348,621,1387,-348,628,1389,-348,591,1379,-333,584,1376,-333,576,1374,-333,640,1383,-150,569,1362,-76,626,1345,-324,597,1339,-304,725,1294,-60,544,1253,28,849,1420,-86,396,1283,-52,707,1453,230,491,1385,-5,676,1459,231,518,1405,-50,668,1448,287,529,1397,15,676,1441,252,523,1383,8,692,940,-33,573,955,32,665,678,-117,427,747,-58,633,473,251,368,568,269,614,456,286,382,547,296,647,392,96,325,477,96,
611,1367,-461,620,1389,-420,627,1391,-419,634,1392,-419,597,1383,-408,590,1381,-408,582,1379,-408,646,1386,-203,573,1367,-148,631,1350,-387,602,1345,-371,726,1291,-116,542,1261,-79,856,1405,-262,397,1301,-415,721,1450,-85,497,1400,-612,688,1456,-98,527,1417,-688,680,1446,-43,537,1409,-610,688,1439,-65,529,1397,-597,679,944,-23,561,956,23,664,678,-65,445,734,28,639,472,240,375,535,261,619,454,237,384,517,275,647,388,-44,335,443,43,
615,1372,-395,625,1394,-347,633,1395,-347,640,1396,-347,602,1390,-342,594,1388,-342,586,1386,-342,650,1389,-125,576,1373,-103,633,1354,-318,605,1350,-314,726,1288,-54,537,1266,-29,858,1389,-205,396,1318,-312,730,1450,-32,500,1406,-458,700,1453,-45,530,1421,-526,691,1444,8,539,1414,-451,698,1437,-13,531,1404,-444,670,946,-17,552,957,17,662,678,-43,457,727,-1,642,470,146,381,499,211,623,453,143,387,480,237,647,387,-147,348,419,-74,
618,1376,-390,628,1397,-344,636,1398,-344,642,1398,-344,605,1395,-338,596,1394,-338,588,1392,-338,653,1389,-128,578,1378,-99,635,1356,-315,606,1353,-310,724,1283,-63,533,1270,-41,859,1375,-276,394,1334,-398,728,1447,-162,502,1414,-582,695,1451,-184,533,1427,-655,686,1442,-121,543,1420,-573,693,1435,-140,534,1410,-565,662,947,-13,542,958,13,660,678,-1,464,718,3,647,468,154,393,481,184,636,452,154,396,462,216,652,385,-136,370,403,-103,
617,1372,-356,630,1394,-310,637,1394,-310,644,1395,-310,605,1391,-304,597,1389,-304,588,1388,-304,655,1387,-94,579,1378,-69,634,1353,-281,605,1350,-275,724,1277,-33,528,1273,-24,857,1359,-230,390,1348,-343,729,1439,-94,504,1419,-484,696,1450,-114,538,1431,-551,687,1441,-53,547,1423,-470,693,1433,-73,538,1414,-467,655,947,-6,534,957,6,653,680,-6,470,704,-8,647,465,138,413,471,141,635,447,137,422,452,142,652,385,-140,379,391,-139,
617,1369,-362,630,1391,-315,638,1391,-315,645,1392,-315,606,1388,-310,597,1386,-310,588,1385,-310,655,1385,-86,579,1376,-69,633,1351,-283,604,1347,-278,718,1271,-29,522,1275,-20,858,1347,-263,385,1360,-346,733,1428,-228,506,1421,-484,700,1444,-269,538,1432,-553,689,1436,-209,548,1424,-480,694,1427,-211,539,1414,-470,648,948,-4,527,957,4,647,685,-26,474,707,-15,646,465,122,432,472,136,635,447,121,446,452,135,652,385,-165,385,390,-140,
615,1368,-284,630,1389,-234,637,1389,-234,644,1388,-234,605,1385,-231,596,1383,-231,587,1382,-231,654,1381,2,578,1373,16,632,1345,-202,603,1346,-199,710,1264,78,517,1276,85,854,1332,-37,382,1367,-127,733,1415,116,507,1421,-147,701,1433,87,538,1432,-207,689,1426,136,548,1422,-142,694,1415,131,538,1412,-137,638,948,-3,518,956,3,642,685,-24,475,699,-20,646,464,135,437,474,146,634,445,141,453,452,145,651,387,-138,384,394,-122,
614,1366,-240,627,1387,-189,635,1385,-189,642,1384,-189,603,1384,-189,595,1382,-189,586,1380,-188,652,1376,51,577,1371,53,630,1339,-156,601,1343,-156,699,1258,142,509,1276,142,850,1320,77,375,1374,80,728,1407,270,505,1422,232,697,1425,247,538,1432,192,685,1418,296,546,1421,252,690,1407,284,536,1411,245,631,947,-5,511,954,5,633,685,-27,477,698,-28,646,463,158,442,475,167,633,444,162,459,453,172,647,389,-131,386,396,-119,
612,1361,-234,626,1380,-184,634,1378,-183,641,1376,-183,603,1382,-183,594,1381,-183,585,1379,-183,650,1369,56,576,1370,59,624,1332,-150,594,1340,-150,690,1254,149,502,1275,157,849,1312,80,369,1379,135,724,1400,260,504,1422,328,693,1419,232,536,1432,292,682,1413,280,544,1420,349,687,1401,273,535,1410,340,625,947,-4,505,953,4,633,684,-28,476,692,-33,645,462,175,439,472,172,633,440,180,451,450,178,647,389,-127,384,392,-111,
605,1359,-245,622,1378,-195,631,1375,-195,638,1373,-195,598,1382,-192,589,1380,-192,582,1378,-192,648,1365,37,573,1369,51,615,1331,-164,586,1339,-160,683,1251,116,495,1275,144,844,1306,12,363,1383,84,722,1394,177,502,1421,235,690,1415,153,534,1430,197,680,1409,203,543,1419,258,686,1396,192,533,1409,247,620,947,-5,498,952,5,632,684,-35,474,688,-29,644,462,173,440,467,169,632,440,178,456,442,175,646,389,-120,382,389,-110,
600,1358,-267,618,1376,-217,627,1374,-217,634,1372,-217,594,1382,-215,584,1380,-215,578,1378,-215,644,1363,16,568,1369,27,610,1331,-185,581,1339,-183,678,1248,92,489,1274,115,838,1303,-15,357,1384,20,721,1390,151,498,1421,150,689,1411,130,533,1429,111,679,1405,182,542,1418,172,685,1392,166,530,1409,163,616,943,-4,493,946,4,632,681,-30,473,689,-26,644,459,180,444,470,170,632,437,186,462,445,175,646,387,-103,384,388,-108,
595,1354,-240,613,1372,-188,622,1370,-188,630,1368,-188,589,1378,-188,579,1378,-188,573,1377,-188,638,1360,51,563,1368,51,605,1327,-156,577,1336,-157,674,1246,136,485,1274,149,832,1300,72,352,1384,146,717,1389,286,496,1420,387,685,1410,261,532,1428,359,674,1403,309,541,1417,416,678,1391,299,529,1408,400,611,939,-3,488,942,3,631,676,-18,469,684,-20,641,459,219,442,469,211,625,436,230,461,443,220,649,384,-47,386,387,-57,
590,1352,-225,607,1370,-173,615,1368,-173,623,1366,-173,584,1376,-173,574,1377,-173,568,1376,-173,631,1357,67,558,1368,66,599,1325,-142,572,1334,-143,668,1246,147,480,1274,156,824,1300,61,348,1382,90,712,1389,246,492,1419,241,679,1409,220,528,1427,201,668,1402,268,538,1417,264,671,1390,260,525,1407,255,609,938,-2,486,941,2,629,673,-20,467,681,-22,639,457,208,443,466,201,619,434,217,463,438,209,651,380,-59,386,386,-64,
585,1352,-228,602,1369,-176,610,1367,-176,617,1366,-176,578,1376,-175,569,1376,-175,563,1376,-175,626,1357,62,553,1368,66,595,1326,-145,568,1334,-145,665,1246,135,477,1274,143,818,1299,26,344,1380,3,708,1387,218,488,1418,19,676,1408,211,522,1427,-35,665,1401,254,532,1416,33,668,1389,233,520,1406,31,607,938,0,483,941,0,627,673,-21,464,681,-24,634,457,198,442,464,186,611,432,204,462,436,190,654,379,-73,390,386,-89,
581,1351,-312,597,1369,-258,605,1367,-258,613,1366,-258,574,1374,-258,565,1375,-258,558,1375,-258,621,1357,6,548,1368,0,591,1326,-221,564,1333,-223,661,1246,86,473,1273,73,812,1300,-106,341,1378,-196,703,1387,-42,483,1417,-281,671,1407,-84,516,1426,-352,660,1401,-33,526,1416,-280,663,1389,-29,515,1406,-269,604,937,4,480,941,-4,625,672,-11,459,678,-24,630,456,208,441,460,189,607,429,215,459,433,194,656,378,-68,390,380,-89,
578,1351,-348,594,1368,-295,602,1367,-295,609,1366,-295,570,1374,-295,561,1375,-295,554,1375,-295,618,1357,-36,544,1368,-37,588,1326,-257,561,1333,-258,659,1246,44,471,1273,39,807,1302,-164,336,1376,-237,699,1389,-125,479,1417,-332,667,1408,-170,512,1426,-402,656,1401,-117,522,1415,-330,659,1390,-111,512,1406,-319,601,936,4,477,940,-4,623,670,-9,454,677,-21,627,454,206,440,458,191,605,427,213,458,432,197,656,378,-70,391,379,-86,
575,1351,-353,591,1368,-301,599,1367,-301,606,1366,-301,567,1374,-301,558,1375,-301,551,1375,-301,614,1357,-46,541,1367,-47,585,1326,-264,558,1332,-265,656,1246,27,468,1273,17,801,1304,-201,333,1375,-293,694,1389,-176,475,1416,-408,661,1408,-223,508,1426,-481,651,1402,-168,518,1415,-406,654,1391,-162,508,1405,-395,599,935,6,476,939,-6,622,668,-1,451,675,-19,625,454,222,438,458,196,603,425,229,456,432,202,657,378,-50,393,379,-77,
574,1351,-498,589,1370,-446,597,1368,-446,603,1367,-446,566,1374,-447,557,1375,-447,549,1376,-447,610,1358,-181,538,1368,-188,584,1326,-405,557,1332,-408,654,1247,-111,465,1272,-126,799,1306,-431,329,1374,-538,690,1390,-507,472,1416,-761,657,1409,-572,504,1426,-849,647,1402,-514,515,1415,-770,650,1391,-495,505,1405,-748,600,935,7,476,939,-8,621,666,3,448,677,-17,624,453,237,433,459,211,602,424,244,451,433,217,658,378,-42,393,380,-67,
570,1353,-486,585,1372,-436,593,1371,-436,600,1370,-436,561,1376,-435,552,1377,-435,544,1377,-435,607,1360,-182,534,1368,-179,581,1329,-396,553,1334,-396,653,1247,-113,463,1271,-112,798,1306,-428,326,1373,-498,689,1390,-497,467,1416,-708,655,1409,-558,499,1425,-792,645,1402,-500,508,1414,-713,649,1392,-484,498,1405,-694,601,935,7,476,939,-7,620,667,0,447,678,-16,625,453,226,430,461,205,603,425,228,449,435,207,659,377,-68,393,382,-80,
568,1354,-441,583,1373,-392,590,1372,-391,597,1370,-391,559,1376,-391,550,1377,-391,541,1377,-390,605,1361,-140,531,1368,-136,580,1330,-353,551,1334,-352,652,1247,-65,462,1271,-62,796,1309,-324,323,1371,-389,684,1392,-328,462,1415,-542,649,1409,-380,493,1424,-620,639,1402,-325,503,1414,-543,644,1392,-314,493,1404,-529,601,935,6,476,940,-6,618,667,0,446,678,-15,625,453,222,429,461,201,604,425,226,449,434,205,659,378,-68,393,382,-80,
566,1355,-430,580,1374,-375,588,1372,-375,594,1371,-375,556,1376,-375,547,1377,-375,539,1377,-375,602,1361,-111,529,1368,-111,578,1331,-337,549,1334,-338,651,1248,-34,461,1269,-17,793,1312,-247,320,1369,-302,681,1394,-187,458,1414,-479,645,1409,-234,489,1424,-575,635,1402,-184,499,1413,-497,640,1393,-174,489,1404,-470,601,935,6,476,940,-6,617,667,-2,445,678,-15,625,453,219,427,461,199,604,426,224,448,435,203,659,376,-69,392,382,-80,
564,1355,-410,578,1374,-357,586,1373,-357,592,1372,-357,554,1377,-356,545,1377,-356,537,1377,-356,600,1362,-100,527,1368,-97,576,1332,-319,548,1334,-319,649,1248,-25,460,1269,-12,791,1315,-235,319,1366,-293,678,1396,-181,455,1413,-433,642,1410,-228,486,1423,-512,633,1403,-177,496,1413,-429,638,1393,-168,486,1403,-418,601,935,5,476,940,-6,615,667,-3,445,679,-17,625,454,218,427,462,200,604,426,224,448,435,205,659,377,-67,391,383,-80,
563,1355,-444,576,1374,-393,584,1373,-393,590,1372,-393,552,1377,-392,543,1377,-392,535,1377,-392,598,1362,-134,525,1368,-131,575,1332,-353,546,1334,-352,649,1248,-55,459,1268,-50,789,1317,-312,317,1364,-374,676,1397,-315,453,1412,-534,640,1410,-369,484,1422,-613,631,1403,-315,494,1412,-538,636,1394,-302,484,1403,-522,602,935,5,476,940,-5,615,667,-3,445,679,-17,625,453,216,426,462,201,604,425,222,448,436,206,660,376,-67,391,382,-79,
